filename,wdith,height,class,xmin,ymin,xmax,ymax
ShelfImages/test/C1_P02_N1_S5_1.JPG,-172,-328,1,1032,2080,1204,2408
ShelfImages/test/C1_P02_N1_S5_1.JPG,-152,-300,1,1040,1092,1192,1392
ShelfImages/test/C1_P02_N1_S5_1.JPG,-184,-292,1,1040,1600,1224,1892
ShelfImages/test/C1_P02_N1_S5_1.JPG,-148,-304,1,1088,616,1236,920
ShelfImages/test/C1_P02_N1_S5_1.JPG,-180,-312,1,1128,124,1308,436
ShelfImages/test/C1_P02_N1_S5_1.JPG,-184,-312,1,116,1592,300,1904
ShelfImages/test/C1_P02_N1_S5_1.JPG,-152,-300,1,1172,1104,1324,1404
ShelfImages/test/C1_P02_N1_S5_1.JPG,-172,-328,1,1204,2072,1376,2400
ShelfImages/test/C1_P02_N1_S5_1.JPG,-164,-280,1,1212,1608,1376,1888
ShelfImages/test/C1_P02_N1_S5_1.JPG,-148,-304,1,1212,624,1360,928
ShelfImages/test/C1_P02_N1_S5_1.JPG,-152,-300,1,1308,1104,1460,1404
ShelfImages/test/C1_P02_N1_S5_1.JPG,-180,-284,1,1308,156,1488,440
ShelfImages/test/C1_P02_N1_S5_1.JPG,-148,-304,1,1340,628,1488,932
ShelfImages/test/C1_P02_N1_S5_1.JPG,-172,-328,1,1348,2068,1520,2396
ShelfImages/test/C1_P02_N1_S5_1.JPG,-164,-280,1,1364,1608,1528,1888
ShelfImages/test/C1_P02_N1_S5_1.JPG,-164,-296,1,140,1084,304,1380
ShelfImages/test/C1_P02_N1_S5_1.JPG,-152,-300,1,1428,1108,1580,1408
ShelfImages/test/C1_P02_N1_S5_1.JPG,-180,-284,1,1472,176,1652,460
ShelfImages/test/C1_P02_N1_S5_1.JPG,-128,-284,1,1476,652,1604,936
ShelfImages/test/C1_P02_N1_S5_1.JPG,-172,-328,1,1508,2056,1680,2384
ShelfImages/test/C1_P02_N1_S5_1.JPG,-192,-304,1,152,528,344,832
ShelfImages/test/C1_P02_N1_S5_1.JPG,-164,-280,1,1536,1612,1700,1892
ShelfImages/test/C1_P02_N1_S5_1.JPG,-144,-300,1,1584,1104,1728,1404
ShelfImages/test/C1_P02_N1_S5_1.JPG,-128,-284,1,1608,652,1736,936
ShelfImages/test/C1_P02_N1_S5_1.JPG,-200,-312,1,188,8,388,320
ShelfImages/test/C1_P02_N1_S5_1.JPG,-184,-340,1,296,2076,480,2416
ShelfImages/test/C1_P02_N1_S5_1.JPG,-184,-312,1,308,1592,492,1904
ShelfImages/test/C1_P02_N1_S5_1.JPG,-164,-296,1,328,1092,492,1388
ShelfImages/test/C1_P02_N1_S5_1.JPG,-196,-304,1,328,544,524,848
ShelfImages/test/C1_P02_N1_S5_1.JPG,-200,-312,1,372,36,572,348
ShelfImages/test/C1_P02_N1_S5_1.JPG,-184,-304,1,484,2124,668,2428
ShelfImages/test/C1_P02_N1_S5_1.JPG,-184,-312,1,500,1596,684,1908
ShelfImages/test/C1_P02_N1_S5_1.JPG,-184,-296,1,520,1092,704,1388
ShelfImages/test/C1_P02_N1_S5_1.JPG,-196,-304,1,524,572,720,876
ShelfImages/test/C1_P02_N1_S5_1.JPG,-200,-312,1,572,48,772,360
ShelfImages/test/C1_P02_N1_S5_1.JPG,-184,-304,1,660,2128,844,2432
ShelfImages/test/C1_P02_N1_S5_1.JPG,-184,-312,1,668,1600,852,1912
ShelfImages/test/C1_P02_N1_S5_1.JPG,-184,-296,1,696,1100,880,1396
ShelfImages/test/C1_P02_N1_S5_1.JPG,-196,-304,1,724,584,920,888
ShelfImages/test/C1_P02_N1_S5_1.JPG,-200,-312,1,760,80,960,392
ShelfImages/test/C1_P02_N1_S5_1.JPG,-172,-328,1,832,2076,1004,2404
ShelfImages/test/C1_P02_N1_S5_1.JPG,-184,-312,1,860,1592,1044,1904
ShelfImages/test/C1_P02_N1_S5_1.JPG,-184,-268,1,868,1124,1052,1392
ShelfImages/test/C1_P02_N1_S5_1.JPG,-212,-340,1,88,2072,300,2412
ShelfImages/test/C1_P02_N1_S5_1.JPG,-196,-304,1,908,600,1104,904
ShelfImages/test/C1_P02_N1_S5_1.JPG,-200,-312,1,932,96,1132,408
ShelfImages/test/C1_P02_N2_S2_1.JPG,-340,-584,1,1088,1632,1428,2216
ShelfImages/test/C1_P02_N2_S2_1.JPG,-344,-584,1,1132,652,1476,1236
ShelfImages/test/C1_P02_N2_S2_1.JPG,-340,-584,1,12,1652,352,2236
ShelfImages/test/C1_P02_N2_S2_1.JPG,-340,-584,1,1428,1612,1768,2196
ShelfImages/test/C1_P02_N2_S2_1.JPG,-344,-584,1,1504,660,1848,1244
ShelfImages/test/C1_P02_N2_S2_1.JPG,-280,-584,1,1752,1568,2032,2152
ShelfImages/test/C1_P02_N2_S2_1.JPG,-260,-584,1,1832,672,2092,1256
ShelfImages/test/C1_P02_N2_S2_1.JPG,-280,-584,1,2016,1572,2296,2156
ShelfImages/test/C1_P02_N2_S2_1.JPG,-260,-584,1,2080,660,2340,1244
ShelfImages/test/C1_P02_N2_S2_1.JPG,-280,-584,1,2264,1596,2544,2180
ShelfImages/test/C1_P02_N2_S2_1.JPG,-260,-584,1,2328,668,2588,1252
ShelfImages/test/C1_P02_N2_S2_1.JPG,-280,-584,1,2532,1584,2812,2168
ShelfImages/test/C1_P02_N2_S2_1.JPG,-260,-584,1,2572,660,2832,1244
ShelfImages/test/C1_P02_N2_S2_1.JPG,-280,-584,1,2820,1600,3100,2184
ShelfImages/test/C1_P02_N2_S2_1.JPG,-260,-584,1,2832,672,3092,1256
ShelfImages/test/C1_P02_N2_S2_1.JPG,-340,-584,1,356,1648,696,2232
ShelfImages/test/C1_P02_N2_S2_1.JPG,-344,-584,1,36,612,380,1196
ShelfImages/test/C1_P02_N2_S2_1.JPG,-344,-584,1,392,632,736,1216
ShelfImages/test/C1_P02_N2_S2_1.JPG,-340,-584,1,728,1648,1068,2232
ShelfImages/test/C1_P02_N2_S2_1.JPG,-344,-584,1,784,636,1128,1220
ShelfImages/test/C1_P02_N2_S3_1.JPG,-320,-520,1,1228,1876,1548,2396
ShelfImages/test/C1_P02_N2_S3_1.JPG,-336,-472,1,1232,1044,1568,1516
ShelfImages/test/C1_P02_N2_S3_1.JPG,-324,-524,1,1288,168,1612,692
ShelfImages/test/C1_P02_N2_S3_1.JPG,-336,-472,1,1536,1040,1872,1512
ShelfImages/test/C1_P02_N2_S3_1.JPG,-320,-520,1,1560,1864,1880,2384
ShelfImages/test/C1_P02_N2_S3_1.JPG,-324,-524,1,1596,184,1920,708
ShelfImages/test/C1_P02_N2_S3_1.JPG,-276,-472,1,1828,1032,2104,1504
ShelfImages/test/C1_P02_N2_S3_1.JPG,-320,-472,1,1844,1896,2164,2368
ShelfImages/test/C1_P02_N2_S3_1.JPG,-236,-508,1,1860,1008,2096,1516
ShelfImages/test/C1_P02_N2_S3_1.JPG,-236,-508,1,1896,204,2132,712
ShelfImages/test/C1_P02_N2_S3_1.JPG,-236,-508,1,2056,1004,2292,1512
ShelfImages/test/C1_P02_N2_S3_1.JPG,-276,-472,1,2056,1040,2332,1512
ShelfImages/test/C1_P02_N2_S3_1.JPG,-320,-472,1,2128,1884,2448,2356
ShelfImages/test/C1_P02_N2_S3_1.JPG,-236,-508,1,2136,200,2372,708
ShelfImages/test/C1_P02_N2_S3_1.JPG,-276,-472,1,2268,1044,2544,1516
ShelfImages/test/C1_P02_N2_S3_1.JPG,-236,-508,1,2292,1004,2528,1512
ShelfImages/test/C1_P02_N2_S3_1.JPG,-236,-508,1,2352,208,2588,716
ShelfImages/test/C1_P02_N2_S3_1.JPG,-320,-472,1,2412,1880,2732,2352
ShelfImages/test/C1_P02_N2_S3_1.JPG,-320,-520,1,244,1884,564,2404
ShelfImages/test/C1_P02_N2_S3_1.JPG,-248,-472,1,2508,1040,2756,1512
ShelfImages/test/C1_P02_N2_S3_1.JPG,-236,-508,1,2516,1024,2752,1532
ShelfImages/test/C1_P02_N2_S3_1.JPG,-336,-472,1,252,1024,588,1496
ShelfImages/test/C1_P02_N2_S3_1.JPG,-236,-508,1,2568,224,2804,732
ShelfImages/test/C1_P02_N2_S3_1.JPG,-320,-472,1,2696,1876,3016,2348
ShelfImages/test/C1_P02_N2_S3_1.JPG,-248,-496,1,2772,1048,3020,1544
ShelfImages/test/C1_P02_N2_S3_1.JPG,-236,-508,1,2776,236,3012,744
ShelfImages/test/C1_P02_N2_S3_1.JPG,-236,-508,1,2784,1020,3020,1528
ShelfImages/test/C1_P02_N2_S3_1.JPG,-324,-524,1,300,116,624,640
ShelfImages/test/C1_P02_N2_S3_1.JPG,-336,-472,1,592,1040,928,1512
ShelfImages/test/C1_P02_N2_S3_1.JPG,-320,-520,1,592,1892,912,2412
ShelfImages/test/C1_P02_N2_S3_1.JPG,-324,-524,1,636,124,960,648
ShelfImages/test/C1_P02_N2_S3_1.JPG,-320,-520,1,920,1880,1240,2400
ShelfImages/test/C1_P02_N2_S3_1.JPG,-336,-472,1,928,1044,1264,1516
ShelfImages/test/C1_P02_N2_S3_1.JPG,-324,-524,1,964,168,1288,692
ShelfImages/test/C1_P03_N1_S2_1.JPG,-216,-292,1,1020,388,1236,680
ShelfImages/test/C1_P03_N1_S2_1.JPG,-216,-292,1,1228,376,1444,668
ShelfImages/test/C1_P03_N1_S2_1.JPG,-216,-292,1,1428,376,1644,668
ShelfImages/test/C1_P03_N1_S2_1.JPG,-216,-292,1,1636,388,1852,680
ShelfImages/test/C1_P03_N1_S2_1.JPG,-196,-260,1,1732,1136,1928,1396
ShelfImages/test/C1_P03_N1_S2_1.JPG,-216,-292,1,1820,392,2036,684
ShelfImages/test/C1_P03_N1_S2_1.JPG,-196,-260,1,1928,1140,2124,1400
ShelfImages/test/C1_P03_N1_S2_1.JPG,-216,-292,1,2020,396,2236,688
ShelfImages/test/C1_P03_N1_S2_1.JPG,-196,-260,1,2144,1148,2340,1408
ShelfImages/test/C1_P03_N1_S2_1.JPG,-216,-292,1,2232,404,2448,696
ShelfImages/test/C1_P03_N1_S2_1.JPG,-196,-260,1,2332,1160,2528,1420
ShelfImages/test/C1_P03_N1_S2_1.JPG,-216,-292,1,2448,396,2664,688
ShelfImages/test/C1_P03_N1_S2_1.JPG,-216,-292,1,244,376,460,668
ShelfImages/test/C1_P03_N1_S2_1.JPG,-216,-328,1,2652,364,2868,692
ShelfImages/test/C1_P03_N1_S2_1.JPG,-220,-320,1,2772,1120,2992,1440
ShelfImages/test/C1_P03_N1_S2_1.JPG,-164,-328,1,2912,360,3076,688
ShelfImages/test/C1_P03_N1_S2_1.JPG,-216,-332,1,36,320,252,652
ShelfImages/test/C1_P03_N1_S2_1.JPG,-216,-292,1,448,372,664,664
ShelfImages/test/C1_P03_N1_S2_1.JPG,-216,-292,1,632,372,848,664
ShelfImages/test/C1_P03_N1_S2_1.JPG,-216,-292,1,820,380,1036,672
ShelfImages/test/C1_P03_N1_S2_1.JPG,-196,-260,8,1124,1116,1320,1376
ShelfImages/test/C1_P03_N1_S2_1.JPG,-196,-260,8,1336,1120,1532,1380
ShelfImages/test/C1_P03_N1_S2_1.JPG,-216,-244,8,148,1100,364,1344
ShelfImages/test/C1_P03_N1_S2_1.JPG,-196,-260,8,1524,1128,1720,1388
ShelfImages/test/C1_P03_N1_S2_1.JPG,-220,-320,8,2532,1108,2752,1428
ShelfImages/test/C1_P03_N1_S2_1.JPG,-196,-260,8,356,1100,552,1360
ShelfImages/test/C1_P03_N1_S2_1.JPG,-196,-260,8,548,1100,744,1360
ShelfImages/test/C1_P03_N1_S2_1.JPG,-196,-260,8,744,1104,940,1364
ShelfImages/test/C1_P03_N1_S2_1.JPG,-196,-260,8,936,1116,1132,1376
ShelfImages/test/C1_P03_N1_S3_1.JPG,-168,-316,1,100,904,268,1220
ShelfImages/test/C1_P03_N1_S3_1.JPG,-184,-260,1,1112,1672,1296,1932
ShelfImages/test/C1_P03_N1_S3_1.JPG,-188,-264,1,1112,292,1300,556
ShelfImages/test/C1_P03_N1_S3_1.JPG,-184,-260,1,1300,1672,1484,1932
ShelfImages/test/C1_P03_N1_S3_1.JPG,-188,-264,1,1328,296,1516,560
ShelfImages/test/C1_P03_N1_S3_1.JPG,-184,-260,1,1480,1688,1664,1948
ShelfImages/test/C1_P03_N1_S3_1.JPG,-188,-264,1,1524,288,1712,552
ShelfImages/test/C1_P03_N1_S3_1.JPG,-184,-260,1,1660,1696,1844,1956
ShelfImages/test/C1_P03_N1_S3_1.JPG,-188,-264,1,1708,288,1896,552
ShelfImages/test/C1_P03_N1_S3_1.JPG,-188,-308,1,172,236,360,544
ShelfImages/test/C1_P03_N1_S3_1.JPG,-180,-244,1,1800,1012,1980,1256
ShelfImages/test/C1_P03_N1_S3_1.JPG,-184,-260,1,1856,1696,2040,1956
ShelfImages/test/C1_P03_N1_S3_1.JPG,-188,-264,1,1896,296,2084,560
ShelfImages/test/C1_P03_N1_S3_1.JPG,-184,-272,1,196,1632,380,1904
ShelfImages/test/C1_P03_N1_S3_1.JPG,-180,-244,1,1992,1016,2172,1260
ShelfImages/test/C1_P03_N1_S3_1.JPG,-188,-264,1,2092,300,2280,564
ShelfImages/test/C1_P03_N1_S3_1.JPG,-180,-244,1,2192,1024,2372,1268
ShelfImages/test/C1_P03_N1_S3_1.JPG,-188,-264,1,2292,304,2480,568
ShelfImages/test/C1_P03_N1_S3_1.JPG,-180,-260,1,2380,1016,2560,1276
ShelfImages/test/C1_P03_N1_S3_1.JPG,-204,-264,1,2492,300,2696,564
ShelfImages/test/C1_P03_N1_S3_1.JPG,-204,-260,1,2628,1740,2832,2000
ShelfImages/test/C1_P03_N1_S3_1.JPG,-192,-316,1,2696,244,2888,560
ShelfImages/test/C1_P03_N1_S3_1.JPG,-204,-316,1,2796,964,3000,1280
ShelfImages/test/C1_P03_N1_S3_1.JPG,-196,-312,1,2840,1712,3036,2024
ShelfImages/test/C1_P03_N1_S3_1.JPG,-168,-316,1,2932,248,3100,564
ShelfImages/test/C1_P03_N1_S3_1.JPG,-184,-272,1,372,1636,556,1908
ShelfImages/test/C1_P03_N1_S3_1.JPG,-188,-264,1,388,288,576,552
ShelfImages/test/C1_P03_N1_S3_1.JPG,-184,-272,1,544,1652,728,1924
ShelfImages/test/C1_P03_N1_S3_1.JPG,-188,-264,1,576,288,764,552
ShelfImages/test/C1_P03_N1_S3_1.JPG,-184,-272,1,728,1652,912,1924
ShelfImages/test/C1_P03_N1_S3_1.JPG,-188,-264,1,752,292,940,556
ShelfImages/test/C1_P03_N1_S3_1.JPG,-184,-260,1,932,1656,1116,1916
ShelfImages/test/C1_P03_N1_S3_1.JPG,-188,-264,1,932,300,1120,564
ShelfImages/test/C1_P03_N1_S3_1.JPG,-184,-260,4,2052,1712,2236,1972
ShelfImages/test/C1_P03_N1_S3_1.JPG,-204,-260,4,2248,1724,2452,1984
ShelfImages/test/C1_P03_N1_S3_1.JPG,-204,-260,4,2456,1736,2660,1996
ShelfImages/test/C1_P03_N1_S3_1.JPG,-180,-244,8,1044,996,1224,1240
ShelfImages/test/C1_P03_N1_S3_1.JPG,-180,-244,8,1224,1000,1404,1244
ShelfImages/test/C1_P03_N1_S3_1.JPG,-180,-244,8,1412,1008,1592,1252
ShelfImages/test/C1_P03_N1_S3_1.JPG,-180,-244,8,1592,1012,1772,1256
ShelfImages/test/C1_P03_N1_S3_1.JPG,-204,-316,8,2580,976,2784,1292
ShelfImages/test/C1_P03_N1_S3_1.JPG,-180,-244,8,308,980,488,1224
ShelfImages/test/C1_P03_N1_S3_1.JPG,-180,-244,8,500,984,680,1228
ShelfImages/test/C1_P03_N1_S3_1.JPG,-180,-244,8,680,984,860,1228
ShelfImages/test/C1_P03_N1_S3_1.JPG,-180,-244,8,860,984,1040,1228
ShelfImages/test/C1_P03_N1_S4_1.JPG,-168,-236,1,1136,1472,1304,1708
ShelfImages/test/C1_P03_N1_S4_1.JPG,-168,-228,1,1148,256,1316,484
ShelfImages/test/C1_P03_N1_S4_1.JPG,-168,-236,1,1308,1476,1476,1712
ShelfImages/test/C1_P03_N1_S4_1.JPG,-168,-228,1,1328,260,1496,488
ShelfImages/test/C1_P03_N1_S4_1.JPG,-168,-236,1,1476,1488,1644,1724
ShelfImages/test/C1_P03_N1_S4_1.JPG,-168,-228,1,1500,256,1668,484
ShelfImages/test/C1_P03_N1_S4_1.JPG,-176,-264,1,1536,2060,1712,2324
ShelfImages/test/C1_P03_N1_S4_1.JPG,-168,-236,1,1652,1492,1820,1728
ShelfImages/test/C1_P03_N1_S4_1.JPG,-168,-228,1,1672,260,1840,488
ShelfImages/test/C1_P03_N1_S4_1.JPG,-164,-224,1,1756,888,1920,1112
ShelfImages/test/C1_P03_N1_S4_1.JPG,-168,-236,1,1804,1488,1972,1724
ShelfImages/test/C1_P03_N1_S4_1.JPG,-168,-228,1,1828,264,1996,492
ShelfImages/test/C1_P03_N1_S4_1.JPG,-164,-224,1,1916,888,2080,1112
ShelfImages/test/C1_P03_N1_S4_1.JPG,-168,-228,1,2012,260,2180,488
ShelfImages/test/C1_P03_N1_S4_1.JPG,-176,-236,1,2040,2136,2216,2372
ShelfImages/test/C1_P03_N1_S4_1.JPG,-164,-224,1,2088,896,2252,1120
ShelfImages/test/C1_P03_N1_S4_1.JPG,-168,-228,1,2172,256,2340,484
ShelfImages/test/C1_P03_N1_S4_1.JPG,-164,-236,1,2228,2136,2392,2372
ShelfImages/test/C1_P03_N1_S4_1.JPG,-164,-224,1,2256,888,2420,1112
ShelfImages/test/C1_P03_N1_S4_1.JPG,-168,-228,1,2360,264,2528,492
ShelfImages/test/C1_P03_N1_S4_1.JPG,-128,-272,1,244,804,372,1076
ShelfImages/test/C1_P03_N1_S4_1.JPG,-168,-236,1,2480,1528,2648,1764
ShelfImages/test/C1_P03_N1_S4_1.JPG,-168,-280,1,248,1992,416,2272
ShelfImages/test/C1_P03_N1_S4_1.JPG,-168,-272,1,2524,212,2692,484
ShelfImages/test/C1_P03_N1_S4_1.JPG,-168,-272,1,2616,852,2784,1124
ShelfImages/test/C1_P03_N1_S4_1.JPG,-168,-280,1,2660,1480,2828,1760
ShelfImages/test/C1_P03_N1_S4_1.JPG,-128,-272,1,2748,208,2876,480
ShelfImages/test/C1_P03_N1_S4_1.JPG,-196,-268,1,300,200,496,468
ShelfImages/test/C1_P03_N1_S4_1.JPG,-168,-236,1,320,1444,488,1680
ShelfImages/test/C1_P03_N1_S4_1.JPG,-168,-252,1,412,2040,580,2292
ShelfImages/test/C1_P03_N1_S4_1.JPG,-168,-236,1,484,1460,652,1696
ShelfImages/test/C1_P03_N1_S4_1.JPG,-168,-228,1,496,260,664,488
ShelfImages/test/C1_P03_N1_S4_1.JPG,-168,-252,1,576,2052,744,2304
ShelfImages/test/C1_P03_N1_S4_1.JPG,-168,-236,1,660,1464,828,1700
ShelfImages/test/C1_P03_N1_S4_1.JPG,-168,-228,1,660,252,828,480
ShelfImages/test/C1_P03_N1_S4_1.JPG,-168,-252,1,716,2064,884,2316
ShelfImages/test/C1_P03_N1_S4_1.JPG,-168,-236,1,808,1460,976,1696
ShelfImages/test/C1_P03_N1_S4_1.JPG,-168,-228,1,816,256,984,484
ShelfImages/test/C1_P03_N1_S4_1.JPG,-148,-288,1,880,2012,1028,2300
ShelfImages/test/C1_P03_N1_S4_1.JPG,-168,-236,1,984,1456,1152,1692
ShelfImages/test/C1_P03_N1_S4_1.JPG,-168,-228,1,984,256,1152,484
ShelfImages/test/C1_P03_N1_S4_1.JPG,-168,-236,4,1980,1500,2148,1736
ShelfImages/test/C1_P03_N1_S4_1.JPG,-168,-236,4,2152,1508,2320,1744
ShelfImages/test/C1_P03_N1_S4_1.JPG,-168,-236,4,2316,1516,2484,1752
ShelfImages/test/C1_P03_N1_S4_1.JPG,-164,-240,7,1052,2084,1216,2324
ShelfImages/test/C1_P03_N1_S4_1.JPG,-164,-240,7,1208,2088,1372,2328
ShelfImages/test/C1_P03_N1_S4_1.JPG,-160,-296,7,1368,2052,1528,2348
ShelfImages/test/C1_P03_N1_S4_1.JPG,-176,-264,7,1716,2096,1892,2360
ShelfImages/test/C1_P03_N1_S4_1.JPG,-176,-264,7,1880,2108,2056,2372
ShelfImages/test/C1_P03_N1_S4_1.JPG,-164,-236,7,2396,2144,2560,2380
ShelfImages/test/C1_P03_N1_S4_1.JPG,-164,-236,7,2572,2156,2736,2392
ShelfImages/test/C1_P03_N1_S4_1.JPG,-164,-224,8,1084,876,1248,1100
ShelfImages/test/C1_P03_N1_S4_1.JPG,-164,-224,8,1256,876,1420,1100
ShelfImages/test/C1_P03_N1_S4_1.JPG,-164,-224,8,1408,880,1572,1104
ShelfImages/test/C1_P03_N1_S4_1.JPG,-164,-224,8,1584,884,1748,1108
ShelfImages/test/C1_P03_N1_S4_1.JPG,-168,-272,8,2436,848,2604,1120
ShelfImages/test/C1_P03_N1_S4_1.JPG,-164,-224,8,424,860,588,1084
ShelfImages/test/C1_P03_N1_S4_1.JPG,-164,-224,8,588,868,752,1092
ShelfImages/test/C1_P03_N1_S4_1.JPG,-164,-224,8,756,868,920,1092
ShelfImages/test/C1_P03_N1_S4_1.JPG,-164,-224,8,920,872,1084,1096
ShelfImages/test/C1_P03_N1_S4_2.JPG,-140,-188,1,1060,1148,1200,1336
ShelfImages/test/C1_P03_N1_S4_2.JPG,-124,-176,1,1076,192,1200,368
ShelfImages/test/C1_P03_N1_S4_2.JPG,-140,-188,1,1192,1152,1332,1340
ShelfImages/test/C1_P03_N1_S4_2.JPG,-124,-176,1,1220,192,1344,368
ShelfImages/test/C1_P03_N1_S4_2.JPG,-128,-224,1,1256,1604,1384,1828
ShelfImages/test/C1_P03_N1_S4_2.JPG,-140,-188,1,1324,1148,1464,1336
ShelfImages/test/C1_P03_N1_S4_2.JPG,-124,-176,1,1344,192,1468,368
ShelfImages/test/C1_P03_N1_S4_2.JPG,-132,-180,1,1408,672,1540,852
ShelfImages/test/C1_P03_N1_S4_2.JPG,-140,-188,1,1452,1152,1592,1340
ShelfImages/test/C1_P03_N1_S4_2.JPG,-124,-176,1,1480,192,1604,368
ShelfImages/test/C1_P03_N1_S4_2.JPG,-132,-180,1,1544,676,1676,856
ShelfImages/test/C1_P03_N1_S4_2.JPG,-124,-176,1,1612,184,1736,360
ShelfImages/test/C1_P03_N1_S4_2.JPG,-140,-208,1,1648,1644,1788,1852
ShelfImages/test/C1_P03_N1_S4_2.JPG,-132,-180,1,1668,680,1800,860
ShelfImages/test/C1_P03_N1_S4_2.JPG,-124,-176,1,1744,176,1868,352
ShelfImages/test/C1_P03_N1_S4_2.JPG,-140,-208,1,1792,1648,1932,1856
ShelfImages/test/C1_P03_N1_S4_2.JPG,-132,-180,1,1804,676,1936,856
ShelfImages/test/C1_P03_N1_S4_2.JPG,-124,-176,1,1892,184,2016,360
ShelfImages/test/C1_P03_N1_S4_2.JPG,-156,-216,1,1936,644,2092,860
ShelfImages/test/C1_P03_N1_S4_2.JPG,-140,-188,1,2004,1168,2144,1356
ShelfImages/test/C1_P03_N1_S4_2.JPG,-132,-216,1,2028,144,2160,360
ShelfImages/test/C1_P03_N1_S4_2.JPG,-156,-216,1,2080,644,2236,860
ShelfImages/test/C1_P03_N1_S4_2.JPG,-132,-208,1,2140,1144,2272,1352
ShelfImages/test/C1_P03_N1_S4_2.JPG,-100,-216,1,2192,140,2292,356
ShelfImages/test/C1_P03_N1_S4_2.JPG,-108,-216,1,220,628,328,844
ShelfImages/test/C1_P03_N1_S4_2.JPG,-132,-228,1,224,1572,356,1800
ShelfImages/test/C1_P03_N1_S4_2.JPG,-156,-192,1,260,164,416,356
ShelfImages/test/C1_P03_N1_S4_2.JPG,-140,-188,1,280,1136,420,1324
ShelfImages/test/C1_P03_N1_S4_2.JPG,-132,-208,1,356,1604,488,1812
ShelfImages/test/C1_P03_N1_S4_2.JPG,-140,-188,1,412,1136,552,1324
ShelfImages/test/C1_P03_N1_S4_2.JPG,-124,-176,1,420,192,544,368
ShelfImages/test/C1_P03_N1_S4_2.JPG,-132,-208,1,484,1604,616,1812
ShelfImages/test/C1_P03_N1_S4_2.JPG,-140,-188,1,548,1148,688,1336
ShelfImages/test/C1_P03_N1_S4_2.JPG,-124,-176,1,552,188,676,364
ShelfImages/test/C1_P03_N1_S4_2.JPG,-132,-208,1,608,1608,740,1816
ShelfImages/test/C1_P03_N1_S4_2.JPG,-136,-188,1,624,664,760,852
ShelfImages/test/C1_P03_N1_S4_2.JPG,-140,-188,1,676,1148,816,1336
ShelfImages/test/C1_P03_N1_S4_2.JPG,-124,-176,1,680,192,804,368
ShelfImages/test/C1_P03_N1_S4_2.JPG,-120,-232,1,728,1588,848,1820
ShelfImages/test/C1_P03_N1_S4_2.JPG,-140,-188,1,804,1144,944,1332
ShelfImages/test/C1_P03_N1_S4_2.JPG,-124,-176,1,808,192,932,368
ShelfImages/test/C1_P03_N1_S4_2.JPG,-140,-188,1,928,1144,1068,1332
ShelfImages/test/C1_P03_N1_S4_2.JPG,-124,-176,1,936,192,1060,368
ShelfImages/test/C1_P03_N1_S4_2.JPG,-140,-188,4,1592,1156,1732,1344
ShelfImages/test/C1_P03_N1_S4_2.JPG,-140,-188,4,1724,1160,1864,1348
ShelfImages/test/C1_P03_N1_S4_2.JPG,-140,-188,4,1864,1168,2004,1356
ShelfImages/test/C1_P03_N1_S4_2.JPG,-132,-236,7,1120,1604,1252,1840
ShelfImages/test/C1_P03_N1_S4_2.JPG,-140,-208,7,1388,1624,1528,1832
ShelfImages/test/C1_P03_N1_S4_2.JPG,-140,-208,7,1528,1636,1668,1844
ShelfImages/test/C1_P03_N1_S4_2.JPG,-140,-208,7,1940,1664,2080,1872
ShelfImages/test/C1_P03_N1_S4_2.JPG,-140,-208,7,2076,1664,2216,1872
ShelfImages/test/C1_P03_N1_S4_2.JPG,-140,-216,7,868,1620,1008,1836
ShelfImages/test/C1_P03_N1_S4_2.JPG,-140,-216,7,988,1616,1128,1832
ShelfImages/test/C1_P03_N1_S4_2.JPG,-132,-180,8,1004,668,1136,848
ShelfImages/test/C1_P03_N1_S4_2.JPG,-132,-180,8,1136,668,1268,848
ShelfImages/test/C1_P03_N1_S4_2.JPG,-132,-180,8,1272,668,1404,848
ShelfImages/test/C1_P03_N1_S4_2.JPG,-136,-188,8,360,664,496,852
ShelfImages/test/C1_P03_N1_S4_2.JPG,-136,-188,8,484,664,620,852
ShelfImages/test/C1_P03_N1_S4_2.JPG,-136,-188,8,756,664,892,852
ShelfImages/test/C1_P03_N1_S4_2.JPG,-132,-180,8,888,664,1020,844
ShelfImages/test/C1_P03_N2_S2_1.JPG,-236,-380,1,1148,1160,1384,1540
ShelfImages/test/C1_P03_N2_S2_1.JPG,-236,-380,1,1160,416,1396,796
ShelfImages/test/C1_P03_N2_S2_1.JPG,-236,-380,1,1384,1160,1620,1540
ShelfImages/test/C1_P03_N2_S2_1.JPG,-236,-380,1,1400,416,1636,796
ShelfImages/test/C1_P03_N2_S2_1.JPG,-236,-380,1,1608,1156,1844,1536
ShelfImages/test/C1_P03_N2_S2_1.JPG,-236,-380,1,1636,436,1872,816
ShelfImages/test/C1_P03_N2_S2_1.JPG,-220,-408,1,1848,1112,2068,1520
ShelfImages/test/C1_P03_N2_S2_1.JPG,-236,-380,1,1872,424,2108,804
ShelfImages/test/C1_P03_N2_S2_1.JPG,-236,-372,1,2088,1160,2324,1532
ShelfImages/test/C1_P03_N2_S2_1.JPG,-236,-380,1,2112,436,2348,816
ShelfImages/test/C1_P03_N2_S2_1.JPG,-236,-372,1,2324,1172,2560,1544
ShelfImages/test/C1_P03_N2_S2_1.JPG,-236,-380,1,2344,432,2580,812
ShelfImages/test/C1_P03_N2_S2_1.JPG,-236,-372,1,2556,1172,2792,1544
ShelfImages/test/C1_P03_N2_S2_1.JPG,-208,-344,1,256,416,464,760
ShelfImages/test/C1_P03_N2_S2_1.JPG,-236,-380,1,2572,440,2808,820
ShelfImages/test/C1_P03_N2_S2_1.JPG,-236,-372,1,2792,1176,3028,1548
ShelfImages/test/C1_P03_N2_S2_1.JPG,-236,-380,1,2804,440,3040,820
ShelfImages/test/C1_P03_N2_S2_1.JPG,-236,-372,1,3016,1168,3252,1540
ShelfImages/test/C1_P03_N2_S2_1.JPG,-236,-380,1,3024,436,3260,816
ShelfImages/test/C1_P03_N2_S2_1.JPG,-208,-344,1,40,416,248,760
ShelfImages/test/C1_P03_N2_S2_1.JPG,-208,-344,1,496,420,704,764
ShelfImages/test/C1_P03_N2_S2_1.JPG,-236,-380,1,692,1148,928,1528
ShelfImages/test/C1_P03_N2_S2_1.JPG,-208,-344,1,716,416,924,760
ShelfImages/test/C1_P03_N2_S2_1.JPG,-236,-380,1,916,1152,1152,1532
ShelfImages/test/C1_P03_N2_S2_1.JPG,-212,-396,1,940,380,1152,776
ShelfImages/test/C1_P03_N2_S2_1.JPG,-236,-380,2,228,1136,464,1516
ShelfImages/test/C1_P03_N2_S2_1.JPG,-236,-380,2,460,1136,696,1516
ShelfImages/test/C1_P03_N2_S2_1.JPG,-236,-380,2,8,1128,244,1508
ShelfImages/test/C1_P03_N2_S3_1.JPG,-196,-256,1,1092,1172,1288,1428
ShelfImages/test/C1_P03_N2_S3_1.JPG,-196,-256,1,1292,1188,1488,1444
ShelfImages/test/C1_P03_N2_S3_1.JPG,-196,-268,1,144,1136,340,1404
ShelfImages/test/C1_P03_N2_S3_1.JPG,-196,-256,1,1476,1192,1672,1448
ShelfImages/test/C1_P03_N2_S3_1.JPG,-196,-304,1,1552,1840,1748,2144
ShelfImages/test/C1_P03_N2_S3_1.JPG,-196,-256,1,1668,1196,1864,1452
ShelfImages/test/C1_P03_N2_S3_1.JPG,-196,-268,1,1808,488,2004,756
ShelfImages/test/C1_P03_N2_S3_1.JPG,-196,-256,1,1860,1200,2056,1456
ShelfImages/test/C1_P03_N2_S3_1.JPG,-196,-268,1,2020,488,2216,756
ShelfImages/test/C1_P03_N2_S3_1.JPG,-192,-264,1,2144,1924,2336,2188
ShelfImages/test/C1_P03_N2_S3_1.JPG,-196,-268,1,2216,492,2412,760
ShelfImages/test/C1_P03_N2_S3_1.JPG,-192,-232,1,2332,1952,2524,2184
ShelfImages/test/C1_P03_N2_S3_1.JPG,-196,-268,1,2416,496,2612,764
ShelfImages/test/C1_P03_N2_S3_1.JPG,-208,-264,1,256,1812,464,2076
ShelfImages/test/C1_P03_N2_S3_1.JPG,-224,-328,1,2616,448,2840,776
ShelfImages/test/C1_P03_N2_S3_1.JPG,-208,-264,1,2664,1248,2872,1512
ShelfImages/test/C1_P03_N2_S3_1.JPG,-224,-328,1,2832,456,3056,784
ShelfImages/test/C1_P03_N2_S3_1.JPG,-208,-320,1,2860,1204,3068,1524
ShelfImages/test/C1_P03_N2_S3_1.JPG,-172,-308,1,28,388,200,696
ShelfImages/test/C1_P03_N2_S3_1.JPG,-196,-268,1,332,1148,528,1416
ShelfImages/test/C1_P03_N2_S3_1.JPG,-208,-284,1,424,1816,632,2100
ShelfImages/test/C1_P03_N2_S3_1.JPG,-196,-268,1,524,1156,720,1424
ShelfImages/test/C1_P03_N2_S3_1.JPG,-208,-284,1,604,1832,812,2116
ShelfImages/test/C1_P03_N2_S3_1.JPG,-208,-320,1,68,1748,276,2068
ShelfImages/test/C1_P03_N2_S3_1.JPG,-196,-268,1,720,1164,916,1432
ShelfImages/test/C1_P03_N2_S3_1.JPG,-188,-304,1,796,1812,984,2116
ShelfImages/test/C1_P03_N2_S3_1.JPG,-196,-256,1,912,1164,1108,1420
ShelfImages/test/C1_P03_N2_S3_1.JPG,-208,-264,4,2060,1216,2268,1480
ShelfImages/test/C1_P03_N2_S3_1.JPG,-208,-264,4,2272,1232,2480,1496
ShelfImages/test/C1_P03_N2_S3_1.JPG,-208,-264,4,2464,1232,2672,1496
ShelfImages/test/C1_P03_N2_S3_1.JPG,-192,-304,7,1172,1852,1364,2156
ShelfImages/test/C1_P03_N2_S3_1.JPG,-184,-304,7,1360,1840,1544,2144
ShelfImages/test/C1_P03_N2_S3_1.JPG,-176,-276,7,1764,1892,1940,2168
ShelfImages/test/C1_P03_N2_S3_1.JPG,-192,-264,7,1956,1908,2148,2172
ShelfImages/test/C1_P03_N2_S3_1.JPG,-200,-232,7,2532,1948,2732,2180
ShelfImages/test/C1_P03_N2_S3_1.JPG,-200,-216,7,2744,1972,2944,2188
ShelfImages/test/C1_P03_N2_S3_1.JPG,-192,-304,7,988,1852,1180,2156
ShelfImages/test/C1_P03_N2_S3_1.JPG,-196,-268,8,1024,472,1220,740
ShelfImages/test/C1_P03_N2_S3_1.JPG,-196,-268,8,1212,468,1408,736
ShelfImages/test/C1_P03_N2_S3_1.JPG,-196,-268,8,1416,468,1612,736
ShelfImages/test/C1_P03_N2_S3_1.JPG,-196,-268,8,1608,480,1804,748
ShelfImages/test/C1_P03_N2_S3_1.JPG,-196,-268,8,236,436,432,704
ShelfImages/test/C1_P03_N2_S3_1.JPG,-196,-268,8,440,448,636,716
ShelfImages/test/C1_P03_N2_S3_1.JPG,-196,-268,8,632,456,828,724
ShelfImages/test/C1_P03_N2_S3_1.JPG,-196,-268,8,828,456,1024,724
ShelfImages/test/C1_P03_N3_S2_1.JPG,-208,-272,1,1120,524,1328,796
ShelfImages/test/C1_P03_N3_S2_1.JPG,-224,-280,1,116,488,340,768
ShelfImages/test/C1_P03_N3_S2_1.JPG,-208,-272,1,1312,532,1520,804
ShelfImages/test/C1_P03_N3_S2_1.JPG,-208,-272,1,1512,540,1720,812
ShelfImages/test/C1_P03_N3_S2_1.JPG,-192,-316,1,1588,1208,1780,1524
ShelfImages/test/C1_P03_N3_S2_1.JPG,-208,-272,1,1712,544,1920,816
ShelfImages/test/C1_P03_N3_S2_1.JPG,-216,-284,1,1908,552,2124,836
ShelfImages/test/C1_P03_N3_S2_1.JPG,-192,-284,1,2176,1288,2368,1572
ShelfImages/test/C1_P03_N3_S2_1.JPG,-192,-272,1,2372,1304,2564,1576
ShelfImages/test/C1_P03_N3_S2_1.JPG,-216,-284,1,2736,584,2952,868
ShelfImages/test/C1_P03_N3_S2_1.JPG,-184,-284,1,284,1184,468,1468
ShelfImages/test/C1_P03_N3_S2_1.JPG,-220,-324,1,2936,544,3156,868
ShelfImages/test/C1_P03_N3_S2_1.JPG,-224,-280,1,320,500,544,780
ShelfImages/test/C1_P03_N3_S2_1.JPG,-184,-280,1,468,1188,652,1468
ShelfImages/test/C1_P03_N3_S2_1.JPG,-224,-280,1,520,508,744,788
ShelfImages/test/C1_P03_N3_S2_1.JPG,-184,-280,1,648,1192,832,1472
ShelfImages/test/C1_P03_N3_S2_1.JPG,-224,-280,1,720,508,944,788
ShelfImages/test/C1_P03_N3_S2_1.JPG,-184,-308,1,824,1180,1008,1488
ShelfImages/test/C1_P03_N3_S2_1.JPG,-208,-272,1,936,512,1144,784
ShelfImages/test/C1_P03_N3_S2_1.JPG,-192,-304,1,96,1128,288,1432
ShelfImages/test/C1_P03_N3_S2_1.JPG,-216,-284,4,2116,560,2332,844
ShelfImages/test/C1_P03_N3_S2_1.JPG,-216,-284,4,2320,568,2536,852
ShelfImages/test/C1_P03_N3_S2_1.JPG,-216,-284,4,2532,576,2748,860
ShelfImages/test/C1_P03_N3_S2_1.JPG,-192,-268,7,1016,1220,1208,1488
ShelfImages/test/C1_P03_N3_S2_1.JPG,-200,-284,7,1200,1232,1400,1516
ShelfImages/test/C1_P03_N3_S2_1.JPG,-192,-308,7,1384,1208,1576,1516
ShelfImages/test/C1_P03_N3_S2_1.JPG,-192,-284,7,1788,1252,1980,1536
ShelfImages/test/C1_P03_N3_S2_1.JPG,-192,-284,7,1984,1264,2176,1548
ShelfImages/test/C1_P03_N3_S2_1.JPG,-192,-272,7,2572,1312,2764,1584
ShelfImages/test/C1_P03_N3_S2_1.JPG,-192,-272,7,2784,1316,2976,1588
ShelfImages/test/C1_P04_N1_S4_1.JPG,-196,-320,1,1008,1996,1204,2316
ShelfImages/test/C1_P04_N1_S4_1.JPG,-196,-324,1,1012,728,1208,1052
ShelfImages/test/C1_P04_N1_S4_1.JPG,-204,-324,1,1016,1376,1220,1700
ShelfImages/test/C1_P04_N1_S4_1.JPG,-196,-368,1,1192,36,1388,404
ShelfImages/test/C1_P04_N1_S4_1.JPG,-212,-320,1,1200,2004,1412,2324
ShelfImages/test/C1_P04_N1_S4_1.JPG,-204,-324,1,1204,1372,1408,1696
ShelfImages/test/C1_P04_N1_S4_1.JPG,-180,-348,1,1204,704,1384,1052
ShelfImages/test/C1_P04_N1_S4_1.JPG,-196,-316,1,12,100,208,416
ShelfImages/test/C1_P04_N1_S4_1.JPG,-204,-324,1,1396,1368,1600,1692
ShelfImages/test/C1_P04_N1_S4_1.JPG,-196,-368,1,1400,32,1596,400
ShelfImages/test/C1_P04_N1_S4_1.JPG,-212,-348,1,1404,1972,1616,2320
ShelfImages/test/C1_P04_N1_S4_1.JPG,-188,-324,1,1420,736,1608,1060
ShelfImages/test/C1_P04_N1_S4_1.JPG,-196,-368,1,1604,28,1800,396
ShelfImages/test/C1_P04_N1_S4_1.JPG,-204,-324,1,1612,1372,1816,1696
ShelfImages/test/C1_P04_N1_S4_1.JPG,-208,-348,1,1612,1968,1820,2316
ShelfImages/test/C1_P04_N1_S4_1.JPG,-200,-312,1,1620,732,1820,1044
ShelfImages/test/C1_P04_N1_S4_1.JPG,-204,-324,1,1804,1372,2008,1696
ShelfImages/test/C1_P04_N1_S4_1.JPG,-208,-368,1,1820,1952,2028,2320
ShelfImages/test/C1_P04_N1_S4_1.JPG,-200,-312,1,1824,740,2024,1052
ShelfImages/test/C1_P04_N1_S4_1.JPG,-204,-352,1,2004,1328,2208,1680
ShelfImages/test/C1_P04_N1_S4_1.JPG,-196,-316,1,200,104,396,420
ShelfImages/test/C1_P04_N1_S4_1.JPG,-196,-324,1,2020,68,2216,392
ShelfImages/test/C1_P04_N1_S4_1.JPG,-200,-368,1,2028,1960,2228,2328
ShelfImages/test/C1_P04_N1_S4_1.JPG,-200,-312,1,2032,732,2232,1044
ShelfImages/test/C1_P04_N1_S4_1.JPG,-204,-332,1,2220,1360,2424,1692
ShelfImages/test/C1_P04_N1_S4_1.JPG,-196,-336,1,2220,1992,2416,2328
ShelfImages/test/C1_P04_N1_S4_1.JPG,-200,-312,1,2224,732,2424,1044
ShelfImages/test/C1_P04_N1_S4_1.JPG,-196,-324,1,224,744,420,1068
ShelfImages/test/C1_P04_N1_S4_1.JPG,-204,-332,1,2424,1360,2628,1692
ShelfImages/test/C1_P04_N1_S4_1.JPG,-196,-312,1,2428,1996,2624,2308
ShelfImages/test/C1_P04_N1_S4_1.JPG,-196,-324,1,2428,72,2624,396
ShelfImages/test/C1_P04_N1_S4_1.JPG,-200,-312,1,2436,728,2636,1040
ShelfImages/test/C1_P04_N1_S4_1.JPG,-204,-332,1,2620,1356,2824,1688
ShelfImages/test/C1_P04_N1_S4_1.JPG,-196,-312,1,2620,1996,2816,2308
ShelfImages/test/C1_P04_N1_S4_1.JPG,-200,-312,1,2640,728,2840,1040
ShelfImages/test/C1_P04_N1_S4_1.JPG,-196,-312,1,2812,1996,3008,2308
ShelfImages/test/C1_P04_N1_S4_1.JPG,-204,-332,1,2828,1344,3032,1676
ShelfImages/test/C1_P04_N1_S4_1.JPG,-200,-312,1,2832,724,3032,1036
ShelfImages/test/C1_P04_N1_S4_1.JPG,-196,-324,1,2832,72,3028,396
ShelfImages/test/C1_P04_N1_S4_1.JPG,-196,-312,1,3016,1988,3212,2300
ShelfImages/test/C1_P04_N1_S4_1.JPG,-196,-324,1,3016,68,3212,392
ShelfImages/test/C1_P04_N1_S4_1.JPG,-196,-332,1,3020,1340,3216,1672
ShelfImages/test/C1_P04_N1_S4_1.JPG,-180,-312,1,3032,716,3212,1028
ShelfImages/test/C1_P04_N1_S4_1.JPG,-196,-324,1,36,740,232,1064
ShelfImages/test/C1_P04_N1_S4_1.JPG,-196,-324,1,420,748,616,1072
ShelfImages/test/C1_P04_N1_S4_1.JPG,-180,-328,1,432,76,612,404
ShelfImages/test/C1_P04_N1_S4_1.JPG,-196,-324,1,608,748,804,1072
ShelfImages/test/C1_P04_N1_S4_1.JPG,-196,-360,1,60,1928,256,2288
ShelfImages/test/C1_P04_N1_S4_1.JPG,-180,-352,1,620,60,800,412
ShelfImages/test/C1_P04_N1_S4_1.JPG,-180,-352,1,804,60,984,412
ShelfImages/test/C1_P04_N1_S4_1.JPG,-196,-324,1,804,740,1000,1064
ShelfImages/test/C1_P04_N1_S4_1.JPG,-180,-352,1,992,44,1172,396
ShelfImages/test/C1_P04_N1_S4_1.JPG,-192,-324,2,236,1368,428,1692
ShelfImages/test/C1_P04_N1_S4_1.JPG,-204,-324,2,412,1364,616,1688
ShelfImages/test/C1_P04_N1_S4_1.JPG,-192,-324,2,44,1360,236,1684
ShelfImages/test/C1_P04_N1_S4_1.JPG,-204,-324,2,616,1364,820,1688
ShelfImages/test/C1_P04_N1_S4_1.JPG,-204,-324,2,812,1368,1016,1692
ShelfImages/test/C1_P04_N1_S4_1.JPG,-196,-304,5,252,1984,448,2288
ShelfImages/test/C1_P04_N1_S4_1.JPG,-196,-320,5,432,1988,628,2308
ShelfImages/test/C1_P04_N1_S4_1.JPG,-196,-320,5,624,1992,820,2312
ShelfImages/test/C1_P04_N1_S4_1.JPG,-196,-320,5,824,1992,1020,2312
ShelfImages/test/C1_P04_N3_S3_1.JPG,-208,-328,1,1048,1160,1256,1488
ShelfImages/test/C1_P04_N3_S3_1.JPG,-208,-320,1,1052,488,1260,808
ShelfImages/test/C1_P04_N3_S3_1.JPG,-224,-352,1,1060,1772,1284,2124
ShelfImages/test/C1_P04_N3_S3_1.JPG,-216,-380,1,1260,1120,1476,1500
ShelfImages/test/C1_P04_N3_S3_1.JPG,-208,-340,1,1264,488,1472,828
ShelfImages/test/C1_P04_N3_S3_1.JPG,-224,-352,1,1272,1816,1496,2168
ShelfImages/test/C1_P04_N3_S3_1.JPG,-224,-352,1,1468,1824,1692,2176
ShelfImages/test/C1_P04_N3_S3_1.JPG,-216,-380,1,1480,1128,1696,1508
ShelfImages/test/C1_P04_N3_S3_1.JPG,-208,-340,1,1480,488,1688,828
ShelfImages/test/C1_P04_N3_S3_1.JPG,-216,-380,1,1688,1112,1904,1492
ShelfImages/test/C1_P04_N3_S3_1.JPG,-224,-352,1,1692,1820,1916,2172
ShelfImages/test/C1_P04_N3_S3_1.JPG,-208,-340,1,1700,496,1908,836
ShelfImages/test/C1_P04_N3_S3_1.JPG,-216,-380,1,1904,1132,2120,1512
ShelfImages/test/C1_P04_N3_S3_1.JPG,-224,-352,1,1904,1820,2128,2172
ShelfImages/test/C1_P04_N3_S3_1.JPG,-196,-388,1,1924,436,2120,824
ShelfImages/test/C1_P04_N3_S3_1.JPG,-200,-332,1,2116,1184,2316,1516
ShelfImages/test/C1_P04_N3_S3_1.JPG,-212,-352,1,2120,1808,2332,2160
ShelfImages/test/C1_P04_N3_S3_1.JPG,-220,-344,1,2124,496,2344,840
ShelfImages/test/C1_P04_N3_S3_1.JPG,-212,-352,1,2308,1820,2520,2172
ShelfImages/test/C1_P04_N3_S3_1.JPG,-200,-332,1,2328,1168,2528,1500
ShelfImages/test/C1_P04_N3_S3_1.JPG,-220,-344,1,2344,496,2564,840
ShelfImages/test/C1_P04_N3_S3_1.JPG,-212,-352,1,2524,1808,2736,2160
ShelfImages/test/C1_P04_N3_S3_1.JPG,-200,-332,1,2540,1172,2740,1504
ShelfImages/test/C1_P04_N3_S3_1.JPG,-220,-344,1,2556,492,2776,836
ShelfImages/test/C1_P04_N3_S3_1.JPG,-212,-352,1,2728,1804,2940,2156
ShelfImages/test/C1_P04_N3_S3_1.JPG,-200,-332,1,2744,1172,2944,1504
ShelfImages/test/C1_P04_N3_S3_1.JPG,-220,-344,1,2768,496,2988,840
ShelfImages/test/C1_P04_N3_S3_1.JPG,-200,-332,1,2952,1168,3152,1500
ShelfImages/test/C1_P04_N3_S3_1.JPG,-212,-352,1,2952,1808,3164,2160
ShelfImages/test/C1_P04_N3_S3_1.JPG,-220,-344,1,2964,484,3184,828
ShelfImages/test/C1_P04_N3_S3_1.JPG,-224,-336,1,640,1756,864,2092
ShelfImages/test/C1_P04_N3_S3_1.JPG,-192,-320,1,848,1164,1040,1484
ShelfImages/test/C1_P04_N3_S3_1.JPG,-208,-320,1,852,496,1060,816
ShelfImages/test/C1_P04_N3_S3_1.JPG,-224,-352,1,860,1772,1084,2124
ShelfImages/test/C1_P04_N3_S3_1.JPG,-208,-320,2,200,488,408,808
ShelfImages/test/C1_P04_N3_S3_1.JPG,-208,-320,2,412,484,620,804
ShelfImages/test/C1_P04_N3_S3_1.JPG,-208,-320,2,624,492,832,812
ShelfImages/test/C1_P04_N3_S3_1.JPG,-196,-356,2,8,480,204,836
ShelfImages/test/C1_P04_N3_S3_1.JPG,-192,-320,5,232,1152,424,1472
ShelfImages/test/C1_P04_N3_S3_1.JPG,-192,-320,5,36,1144,228,1464
ShelfImages/test/C1_P04_N3_S3_1.JPG,-192,-320,5,440,1156,632,1476
ShelfImages/test/C1_P04_N3_S3_1.JPG,-192,-320,5,648,1168,840,1488
ShelfImages/test/C1_P04_N3_S3_1.JPG,-200,-332,11,236,1792,436,2124
ShelfImages/test/C1_P04_N3_S3_1.JPG,-200,-332,11,448,1804,648,2136
ShelfImages/test/C1_P04_N3_S3_1.JPG,-200,-332,11,52,1772,252,2104
ShelfImages/test/C1_P05_N2_S4_2.JPG,-212,-340,1,1012,844,1224,1184
ShelfImages/test/C1_P05_N2_S4_2.JPG,-236,-312,1,1020,244,1256,556
ShelfImages/test/C1_P05_N2_S4_2.JPG,-228,-372,1,108,804,336,1176
ShelfImages/test/C1_P05_N2_S4_2.JPG,-216,-388,1,132,1380,348,1768
ShelfImages/test/C1_P05_N2_S4_2.JPG,-216,-364,1,136,1988,352,2352
ShelfImages/test/C1_P05_N2_S4_2.JPG,-216,-348,1,1392,1428,1608,1776
ShelfImages/test/C1_P05_N2_S4_2.JPG,-236,-312,1,1392,260,1628,572
ShelfImages/test/C1_P05_N2_S4_2.JPG,-216,-344,1,1396,2020,1612,2364
ShelfImages/test/C1_P05_N2_S4_2.JPG,-216,-348,1,1580,1416,1796,1764
ShelfImages/test/C1_P05_N2_S4_2.JPG,-236,-312,1,1608,252,1844,564
ShelfImages/test/C1_P05_N2_S4_2.JPG,-216,-344,1,1616,2008,1832,2352
ShelfImages/test/C1_P05_N2_S4_2.JPG,-236,-312,1,1996,256,2232,568
ShelfImages/test/C1_P05_N2_S4_2.JPG,-216,-348,1,2004,1412,2220,1760
ShelfImages/test/C1_P05_N2_S4_2.JPG,-216,-348,1,2220,1412,2436,1760
ShelfImages/test/C1_P05_N2_S4_2.JPG,-236,-312,1,2236,256,2472,568
ShelfImages/test/C1_P05_N2_S4_2.JPG,-216,-348,1,2424,1428,2640,1776
ShelfImages/test/C1_P05_N2_S4_2.JPG,-176,-340,1,2460,228,2636,568
ShelfImages/test/C1_P05_N2_S4_2.JPG,-224,-324,1,2612,2016,2836,2340
ShelfImages/test/C1_P05_N2_S4_2.JPG,-236,-312,1,2616,260,2852,572
ShelfImages/test/C1_P05_N2_S4_2.JPG,-216,-348,1,2620,1412,2836,1760
ShelfImages/test/C1_P05_N2_S4_2.JPG,-236,-312,1,2816,260,3052,572
ShelfImages/test/C1_P05_N2_S4_2.JPG,-216,-348,1,2836,1408,3052,1756
ShelfImages/test/C1_P05_N2_S4_2.JPG,-224,-324,1,2836,2016,3060,2340
ShelfImages/test/C1_P05_N2_S4_2.JPG,-212,-340,1,2848,852,3060,1192
ShelfImages/test/C1_P05_N2_S4_2.JPG,-236,-312,1,332,244,568,556
ShelfImages/test/C1_P05_N2_S4_2.JPG,-216,-388,1,336,1396,552,1784
ShelfImages/test/C1_P05_N2_S4_2.JPG,-216,-364,1,344,1996,560,2360
ShelfImages/test/C1_P05_N2_S4_2.JPG,-228,-372,1,352,812,580,1184
ShelfImages/test/C1_P05_N2_S4_2.JPG,-236,-312,1,544,244,780,556
ShelfImages/test/C1_P05_N2_S4_2.JPG,-216,-348,1,560,1424,776,1772
ShelfImages/test/C1_P05_N2_S4_2.JPG,-228,-372,1,580,812,808,1184
ShelfImages/test/C1_P05_N2_S4_2.JPG,-216,-348,1,768,1428,984,1776
ShelfImages/test/C1_P05_N2_S4_2.JPG,-236,-312,1,772,248,1008,560
ShelfImages/test/C1_P05_N2_S4_2.JPG,-212,-340,1,792,860,1004,1200
ShelfImages/test/C1_P05_N2_S4_2.JPG,-236,-312,1,92,236,328,548
ShelfImages/test/C1_P05_N2_S4_2.JPG,-216,-348,1,988,1428,1204,1776
ShelfImages/test/C1_P05_N2_S4_2.JPG,-212,-340,2,1416,824,1628,1164
ShelfImages/test/C1_P05_N2_S4_2.JPG,-212,-340,2,1636,836,1848,1176
ShelfImages/test/C1_P05_N2_S4_2.JPG,-212,-340,2,2040,856,2252,1196
ShelfImages/test/C1_P05_N2_S4_2.JPG,-212,-340,2,2216,844,2428,1184
ShelfImages/test/C1_P05_N2_S4_2.JPG,-212,-340,2,2420,844,2632,1184
ShelfImages/test/C1_P05_N2_S4_2.JPG,-212,-340,2,2636,852,2848,1192
ShelfImages/test/C1_P05_N2_S4_2.JPG,-216,-344,5,2008,2028,2224,2372
ShelfImages/test/C1_P05_N2_S4_2.JPG,-216,-344,5,2216,2024,2432,2368
ShelfImages/test/C1_P05_N2_S4_2.JPG,-188,-368,5,2428,1992,2616,2360
ShelfImages/test/C1_P05_N2_S4_2.JPG,-216,-344,5,552,2016,768,2360
ShelfImages/test/C1_P05_N2_S4_2.JPG,-216,-344,5,760,2012,976,2356
ShelfImages/test/C1_P05_N2_S4_2.JPG,-216,-344,5,988,2020,1204,2364
ShelfImages/test/C1_P05_N4_S3_1.JPG,-212,-360,1,1372,244,1584,604
ShelfImages/test/C1_P05_N4_S3_1.JPG,-216,-364,1,1388,1488,1604,1852
ShelfImages/test/C1_P05_N4_S3_1.JPG,-212,-368,1,1388,880,1600,1248
ShelfImages/test/C1_P05_N4_S3_1.JPG,-212,-360,1,1600,264,1812,624
ShelfImages/test/C1_P05_N4_S3_1.JPG,-212,-368,1,1612,880,1824,1248
ShelfImages/test/C1_P05_N4_S3_1.JPG,-216,-364,1,1620,1480,1836,1844
ShelfImages/test/C1_P05_N4_S3_1.JPG,-212,-360,1,2040,272,2252,632
ShelfImages/test/C1_P05_N4_S3_1.JPG,-216,-364,1,2044,1476,2260,1840
ShelfImages/test/C1_P05_N4_S3_1.JPG,-216,-364,1,2244,1484,2460,1848
ShelfImages/test/C1_P05_N4_S3_1.JPG,-212,-360,1,2252,264,2464,624
ShelfImages/test/C1_P05_N4_S3_1.JPG,-216,-364,1,2456,1452,2672,1816
ShelfImages/test/C1_P05_N4_S3_1.JPG,-212,-360,1,2484,260,2696,620
ShelfImages/test/C1_P05_N4_S3_1.JPG,-212,-396,1,256,852,468,1248
ShelfImages/test/C1_P05_N4_S3_1.JPG,-212,-400,1,260,216,472,616
ShelfImages/test/C1_P05_N4_S3_1.JPG,-216,-364,1,2684,1456,2900,1820
ShelfImages/test/C1_P05_N4_S3_1.JPG,-212,-360,1,2692,236,2904,596
ShelfImages/test/C1_P05_N4_S3_1.JPG,-196,-356,1,2696,888,2892,1244
ShelfImages/test/C1_P05_N4_S3_1.JPG,-216,-404,1,288,1432,504,1836
ShelfImages/test/C1_P05_N4_S3_1.JPG,-216,-364,1,2896,1448,3112,1812
ShelfImages/test/C1_P05_N4_S3_1.JPG,-196,-356,1,2896,896,3092,1252
ShelfImages/test/C1_P05_N4_S3_1.JPG,-212,-400,1,28,220,240,620
ShelfImages/test/C1_P05_N4_S3_1.JPG,-212,-360,1,2916,240,3128,600
ShelfImages/test/C1_P05_N4_S3_1.JPG,-212,-396,1,40,864,252,1260
ShelfImages/test/C1_P05_N4_S3_1.JPG,-212,-360,1,476,252,688,612
ShelfImages/test/C1_P05_N4_S3_1.JPG,-216,-364,1,512,1468,728,1832
ShelfImages/test/C1_P05_N4_S3_1.JPG,-212,-360,1,700,260,912,620
ShelfImages/test/C1_P05_N4_S3_1.JPG,-216,-404,1,72,1436,288,1840
ShelfImages/test/C1_P05_N4_S3_1.JPG,-216,-364,1,740,1448,956,1812
ShelfImages/test/C1_P05_N4_S3_1.JPG,-212,-360,1,932,268,1144,628
ShelfImages/test/C1_P05_N4_S3_1.JPG,-216,-364,1,956,1468,1172,1832
ShelfImages/test/C1_P05_N4_S3_1.JPG,-196,-368,5,2040,892,2236,1260
ShelfImages/test/C1_P05_N4_S3_1.JPG,-196,-368,5,2248,884,2444,1252
ShelfImages/test/C1_P05_N4_S3_1.JPG,-196,-368,5,2464,856,2660,1224
ShelfImages/test/C1_P05_N4_S3_1.JPG,-212,-368,5,476,880,688,1248
ShelfImages/test/C1_P05_N4_S3_1.JPG,-212,-368,5,712,880,924,1248
ShelfImages/test/C1_P05_N4_S3_1.JPG,-212,-368,5,944,880,1156,1248
ShelfImages/test/C1_P06_N1_S3_1.JPG,-232,-320,1,1188,1824,1420,2144
ShelfImages/test/C1_P06_N1_S3_1.JPG,-232,-320,1,1424,1824,1656,2144
ShelfImages/test/C1_P06_N1_S3_1.JPG,-232,-320,1,160,1812,392,2132
ShelfImages/test/C1_P06_N1_S3_1.JPG,-232,-320,1,1692,1804,1924,2124
ShelfImages/test/C1_P06_N1_S3_1.JPG,-216,-304,1,1760,1128,1976,1432
ShelfImages/test/C1_P06_N1_S3_1.JPG,-232,-320,1,1952,1804,2184,2124
ShelfImages/test/C1_P06_N1_S3_1.JPG,-216,-304,1,1976,1136,2192,1440
ShelfImages/test/C1_P06_N1_S3_1.JPG,-232,-320,1,2180,1808,2412,2128
ShelfImages/test/C1_P06_N1_S3_1.JPG,-216,-304,1,2184,1132,2400,1436
ShelfImages/test/C1_P06_N1_S3_1.JPG,-216,-304,1,2404,1136,2620,1440
ShelfImages/test/C1_P06_N1_S3_1.JPG,-216,-292,1,2464,1816,2680,2108
ShelfImages/test/C1_P06_N1_S3_1.JPG,-216,-304,1,2604,1136,2820,1440
ShelfImages/test/C1_P06_N1_S3_1.JPG,-216,-304,1,2636,452,2852,756
ShelfImages/test/C1_P06_N1_S3_1.JPG,-216,-292,1,2700,1808,2916,2100
ShelfImages/test/C1_P06_N1_S3_1.JPG,-216,-292,1,2908,1816,3124,2108
ShelfImages/test/C1_P06_N1_S3_1.JPG,-232,-320,1,416,1816,648,2136
ShelfImages/test/C1_P06_N1_S3_1.JPG,-232,-320,1,656,1820,888,2140
ShelfImages/test/C1_P06_N1_S3_1.JPG,-232,-320,1,960,1824,1192,2144
ShelfImages/test/C1_P06_N1_S3_1.JPG,-216,-304,3,1128,1132,1344,1436
ShelfImages/test/C1_P06_N1_S3_1.JPG,-216,-304,3,1212,432,1428,736
ShelfImages/test/C1_P06_N1_S3_1.JPG,-216,-304,3,1392,1124,1608,1428
ShelfImages/test/C1_P06_N1_S3_1.JPG,-216,-304,3,1440,440,1656,744
ShelfImages/test/C1_P06_N1_S3_1.JPG,-216,-304,3,1736,448,1952,752
ShelfImages/test/C1_P06_N1_S3_1.JPG,-216,-304,3,1932,464,2148,768
ShelfImages/test/C1_P06_N1_S3_1.JPG,-216,-304,3,2160,460,2376,764
ShelfImages/test/C1_P06_N1_S3_1.JPG,-216,-304,3,220,392,436,696
ShelfImages/test/C1_P06_N1_S3_1.JPG,-216,-304,3,2420,452,2636,756
ShelfImages/test/C1_P06_N1_S3_1.JPG,-216,-304,3,244,1100,460,1404
ShelfImages/test/C1_P06_N1_S3_1.JPG,-216,-304,3,2828,1132,3044,1436
ShelfImages/test/C1_P06_N1_S3_1.JPG,-216,-304,3,2844,464,3060,768
ShelfImages/test/C1_P06_N1_S3_1.JPG,-216,-304,3,440,392,656,696
ShelfImages/test/C1_P06_N1_S3_1.JPG,-216,-304,3,472,1108,688,1412
ShelfImages/test/C1_P06_N1_S3_1.JPG,-216,-304,3,692,1120,908,1424
ShelfImages/test/C1_P06_N1_S3_1.JPG,-216,-304,3,692,396,908,700
ShelfImages/test/C1_P06_N1_S3_1.JPG,-216,-304,3,908,1124,1124,1428
ShelfImages/test/C1_P06_N1_S3_1.JPG,-216,-304,3,992,420,1208,724
ShelfImages/test/C1_P06_N1_S4_1.JPG,-204,-292,1,1060,1408,1264,1700
ShelfImages/test/C1_P06_N1_S4_1.JPG,-208,-340,1,1188,1988,1396,2328
ShelfImages/test/C1_P06_N1_S4_1.JPG,-204,-292,1,1260,1412,1464,1704
ShelfImages/test/C1_P06_N1_S4_1.JPG,-208,-340,1,1464,1984,1672,2324
ShelfImages/test/C1_P06_N1_S4_1.JPG,-204,-292,1,1468,1396,1672,1688
ShelfImages/test/C1_P06_N1_S4_1.JPG,-208,-308,1,1676,2028,1884,2336
ShelfImages/test/C1_P06_N1_S4_1.JPG,-204,-292,1,1736,1392,1940,1684
ShelfImages/test/C1_P06_N1_S4_1.JPG,-204,-260,1,1764,792,1968,1052
ShelfImages/test/C1_P06_N1_S4_1.JPG,-208,-308,1,1860,2028,2068,2336
ShelfImages/test/C1_P06_N1_S4_1.JPG,-204,-292,1,1924,1396,2128,1688
ShelfImages/test/C1_P06_N1_S4_1.JPG,-204,-260,1,1956,800,2160,1060
ShelfImages/test/C1_P06_N1_S4_1.JPG,-208,-308,1,2052,2024,2260,2332
ShelfImages/test/C1_P06_N1_S4_1.JPG,-204,-292,1,2112,1404,2316,1696
ShelfImages/test/C1_P06_N1_S4_1.JPG,-204,-260,1,2124,800,2328,1060
ShelfImages/test/C1_P06_N1_S4_1.JPG,-204,-260,1,2336,804,2540,1064
ShelfImages/test/C1_P06_N1_S4_1.JPG,-204,-292,1,2368,1400,2572,1692
ShelfImages/test/C1_P06_N1_S4_1.JPG,-204,-260,1,2520,804,2724,1064
ShelfImages/test/C1_P06_N1_S4_1.JPG,-204,-260,1,2540,196,2744,456
ShelfImages/test/C1_P06_N1_S4_1.JPG,-204,-292,1,2580,1396,2784,1688
ShelfImages/test/C1_P06_N1_S4_1.JPG,-220,-316,1,2596,1964,2816,2280
ShelfImages/test/C1_P06_N1_S4_1.JPG,-204,-260,1,2708,808,2912,1068
ShelfImages/test/C1_P06_N1_S4_1.JPG,-204,-260,1,2744,204,2948,464
ShelfImages/test/C1_P06_N1_S4_1.JPG,-204,-292,1,2772,1400,2976,1692
ShelfImages/test/C1_P06_N1_S4_1.JPG,-220,-316,1,2804,1964,3024,2280
ShelfImages/test/C1_P06_N1_S4_1.JPG,-204,-292,1,360,1388,564,1680
ShelfImages/test/C1_P06_N1_S4_1.JPG,-204,-292,1,364,2036,568,2328
ShelfImages/test/C1_P06_N1_S4_1.JPG,-204,-292,1,560,2044,764,2336
ShelfImages/test/C1_P06_N1_S4_1.JPG,-204,-292,1,588,1392,792,1684
ShelfImages/test/C1_P06_N1_S4_1.JPG,-204,-292,1,792,1396,996,1688
ShelfImages/test/C1_P06_N1_S4_1.JPG,-204,-292,1,984,2036,1188,2328
ShelfImages/test/C1_P06_N1_S4_1.JPG,-204,-260,3,1000,776,1204,1036
ShelfImages/test/C1_P06_N1_S4_1.JPG,-204,-260,3,1076,156,1280,416
ShelfImages/test/C1_P06_N1_S4_1.JPG,-204,-260,3,1208,780,1412,1040
ShelfImages/test/C1_P06_N1_S4_1.JPG,-204,-260,3,1264,152,1468,412
ShelfImages/test/C1_P06_N1_S4_1.JPG,-204,-260,3,1428,788,1632,1048
ShelfImages/test/C1_P06_N1_S4_1.JPG,-204,-260,3,1468,176,1672,436
ShelfImages/test/C1_P06_N1_S4_1.JPG,-204,-260,3,1736,192,1940,452
ShelfImages/test/C1_P06_N1_S4_1.JPG,-204,-260,3,1928,192,2132,452
ShelfImages/test/C1_P06_N1_S4_1.JPG,-204,-260,3,2120,196,2324,456
ShelfImages/test/C1_P06_N1_S4_1.JPG,-204,-260,3,2364,200,2568,460
ShelfImages/test/C1_P06_N1_S4_1.JPG,-204,-260,3,396,128,600,388
ShelfImages/test/C1_P06_N1_S4_1.JPG,-204,-260,3,412,764,616,1024
ShelfImages/test/C1_P06_N1_S4_1.JPG,-204,-260,3,600,140,804,400
ShelfImages/test/C1_P06_N1_S4_1.JPG,-204,-260,3,624,772,828,1032
ShelfImages/test/C1_P06_N1_S4_1.JPG,-204,-260,3,796,152,1000,412
ShelfImages/test/C1_P06_N1_S4_1.JPG,-204,-260,3,812,788,1016,1048
ShelfImages/test/C1_P06_N1_S4_1.JPG,-204,-292,6,780,2036,984,2328
ShelfImages/test/C1_P06_N1_S4_1.JPG,-208,-308,9,2240,2012,2448,2320
ShelfImages/test/C1_P06_N1_S4_1.JPG,-208,-284,9,2428,2028,2636,2312
ShelfImages/test/C1_P06_N1_S5_1.JPG,-156,-216,1,1024,1140,1180,1356
ShelfImages/test/C1_P06_N1_S5_1.JPG,-144,-244,1,1032,2132,1176,2376
ShelfImages/test/C1_P06_N1_S5_1.JPG,-156,-216,1,1164,1140,1320,1356
ShelfImages/test/C1_P06_N1_S5_1.JPG,-156,-244,1,1180,1592,1336,1836
ShelfImages/test/C1_P06_N1_S5_1.JPG,-144,-276,1,1184,2088,1328,2364
ShelfImages/test/C1_P06_N1_S5_1.JPG,-144,-212,1,1332,1624,1476,1836
ShelfImages/test/C1_P06_N1_S5_1.JPG,-144,-276,1,1332,2088,1476,2364
ShelfImages/test/C1_P06_N1_S5_1.JPG,-156,-216,1,1364,1144,1520,1360
ShelfImages/test/C1_P06_N1_S5_1.JPG,-156,-216,1,1388,672,1544,888
ShelfImages/test/C1_P06_N1_S5_1.JPG,-144,-240,1,1480,2100,1624,2340
ShelfImages/test/C1_P06_N1_S5_1.JPG,-144,-212,1,1488,1620,1632,1832
ShelfImages/test/C1_P06_N1_S5_1.JPG,-156,-216,1,1524,1136,1680,1352
ShelfImages/test/C1_P06_N1_S5_1.JPG,-156,-216,1,1540,676,1696,892
ShelfImages/test/C1_P06_N1_S5_1.JPG,-144,-212,1,1632,1628,1776,1840
ShelfImages/test/C1_P06_N1_S5_1.JPG,-144,-240,1,1644,2092,1788,2332
ShelfImages/test/C1_P06_N1_S5_1.JPG,-156,-216,1,1676,676,1832,892
ShelfImages/test/C1_P06_N1_S5_1.JPG,-156,-216,1,1680,1144,1836,1360
ShelfImages/test/C1_P06_N1_S5_1.JPG,-144,-276,1,1780,2068,1924,2344
ShelfImages/test/C1_P06_N1_S5_1.JPG,-156,-216,1,1812,684,1968,900
ShelfImages/test/C1_P06_N1_S5_1.JPG,-156,-216,1,1868,1140,2024,1356
ShelfImages/test/C1_P06_N1_S5_1.JPG,-144,-276,1,1936,2056,2080,2332
ShelfImages/test/C1_P06_N1_S5_1.JPG,-156,-216,1,1984,664,2140,880
ShelfImages/test/C1_P06_N1_S5_1.JPG,-156,-216,1,1996,200,2152,416
ShelfImages/test/C1_P06_N1_S5_1.JPG,-156,-216,1,2032,1136,2188,1352
ShelfImages/test/C1_P06_N1_S5_1.JPG,-144,-236,1,2060,1580,2204,1816
ShelfImages/test/C1_P06_N1_S5_1.JPG,-144,-224,1,2064,2104,2208,2328
ShelfImages/test/C1_P06_N1_S5_1.JPG,-156,-216,1,2120,668,2276,884
ShelfImages/test/C1_P06_N1_S5_1.JPG,-156,-216,1,2128,208,2284,424
ShelfImages/test/C1_P06_N1_S5_1.JPG,-156,-216,1,2184,1132,2340,1348
ShelfImages/test/C1_P06_N1_S5_1.JPG,-144,-224,1,2212,2092,2356,2316
ShelfImages/test/C1_P06_N1_S5_1.JPG,-144,-236,1,2216,1568,2360,1804
ShelfImages/test/C1_P06_N1_S5_1.JPG,-156,-216,1,324,1148,480,1364
ShelfImages/test/C1_P06_N1_S5_1.JPG,-156,-216,1,324,1640,480,1856
ShelfImages/test/C1_P06_N1_S5_1.JPG,-144,-236,1,340,2144,484,2380
ShelfImages/test/C1_P06_N1_S5_1.JPG,-156,-216,1,484,1648,640,1864
ShelfImages/test/C1_P06_N1_S5_1.JPG,-156,-216,1,488,1144,644,1360
ShelfImages/test/C1_P06_N1_S5_1.JPG,-144,-276,1,512,2096,656,2372
ShelfImages/test/C1_P06_N1_S5_1.JPG,-156,-216,1,648,1140,804,1356
ShelfImages/test/C1_P06_N1_S5_1.JPG,-144,-244,1,668,2116,812,2360
ShelfImages/test/C1_P06_N1_S5_1.JPG,-156,-216,1,804,1640,960,1856
ShelfImages/test/C1_P06_N1_S5_1.JPG,-144,-244,1,824,2108,968,2352
ShelfImages/test/C1_P06_N1_S5_1.JPG,-156,-216,1,860,1152,1016,1368
ShelfImages/test/C1_P06_N1_S5_1.JPG,-156,-244,1,964,1592,1120,1836
ShelfImages/test/C1_P06_N1_S5_1.JPG,-156,-184,3,1012,188,1168,372
ShelfImages/test/C1_P06_N1_S5_1.JPG,-156,-216,3,1124,668,1280,884
ShelfImages/test/C1_P06_N1_S5_1.JPG,-156,-184,3,1156,204,1312,388
ShelfImages/test/C1_P06_N1_S5_1.JPG,-156,-184,3,1372,216,1528,400
ShelfImages/test/C1_P06_N1_S5_1.JPG,-156,-184,3,1520,216,1676,400
ShelfImages/test/C1_P06_N1_S5_1.JPG,-156,-184,3,1668,216,1824,400
ShelfImages/test/C1_P06_N1_S5_1.JPG,-156,-216,3,1844,212,2000,428
ShelfImages/test/C1_P06_N1_S5_1.JPG,-156,-184,3,336,184,492,368
ShelfImages/test/C1_P06_N1_S5_1.JPG,-156,-216,3,356,660,512,876
ShelfImages/test/C1_P06_N1_S5_1.JPG,-156,-184,3,488,184,644,368
ShelfImages/test/C1_P06_N1_S5_1.JPG,-156,-216,3,508,660,664,876
ShelfImages/test/C1_P06_N1_S5_1.JPG,-156,-184,3,636,200,792,384
ShelfImages/test/C1_P06_N1_S5_1.JPG,-156,-216,3,656,668,812,884
ShelfImages/test/C1_P06_N1_S5_1.JPG,-156,-216,3,816,660,972,876
ShelfImages/test/C1_P06_N1_S5_1.JPG,-156,-184,3,856,188,1012,372
ShelfImages/test/C1_P06_N1_S5_1.JPG,-156,-216,3,964,664,1120,880
ShelfImages/test/C1_P06_N1_S5_1.JPG,-156,-216,6,640,1632,796,1848
ShelfImages/test/C1_P06_N1_S5_1.JPG,-144,-236,9,1772,1632,1916,1868
ShelfImages/test/C1_P06_N1_S5_1.JPG,-144,-236,9,1908,1608,2052,1844
ShelfImages/test/C1_P06_N3_S3_1.JPG,-220,-376,1,1156,764,1376,1140
ShelfImages/test/C1_P06_N3_S3_1.JPG,-220,-308,1,1208,116,1428,424
ShelfImages/test/C1_P06_N3_S3_1.JPG,-244,-340,1,1216,1492,1460,1832
ShelfImages/test/C1_P06_N3_S3_1.JPG,-220,-308,1,1440,112,1660,420
ShelfImages/test/C1_P06_N3_S3_1.JPG,-212,-404,1,1448,1452,1660,1856
ShelfImages/test/C1_P06_N3_S3_1.JPG,-220,-376,1,1468,760,1688,1136
ShelfImages/test/C1_P06_N3_S3_1.JPG,-212,-404,1,1644,1448,1856,1852
ShelfImages/test/C1_P06_N3_S3_1.JPG,-196,-320,1,1664,812,1860,1132
ShelfImages/test/C1_P06_N3_S3_1.JPG,-220,-308,1,1736,100,1956,408
ShelfImages/test/C1_P06_N3_S3_1.JPG,-212,-340,1,1872,1492,2084,1832
ShelfImages/test/C1_P06_N3_S3_1.JPG,-196,-320,1,1880,800,2076,1120
ShelfImages/test/C1_P06_N3_S3_1.JPG,-220,-308,1,196,84,416,392
ShelfImages/test/C1_P06_N3_S3_1.JPG,-220,-308,1,1976,124,2196,432
ShelfImages/test/C1_P06_N3_S3_1.JPG,-220,-308,1,204,816,424,1124
ShelfImages/test/C1_P06_N3_S3_1.JPG,-212,-340,1,2088,1492,2300,1832
ShelfImages/test/C1_P06_N3_S3_1.JPG,-196,-320,1,2096,800,2292,1120
ShelfImages/test/C1_P06_N3_S3_1.JPG,-244,-360,1,216,1524,460,1884
ShelfImages/test/C1_P06_N3_S3_1.JPG,-220,-308,1,2192,104,2412,412
ShelfImages/test/C1_P06_N3_S3_1.JPG,-212,-376,1,2284,1456,2496,1832
ShelfImages/test/C1_P06_N3_S3_1.JPG,-220,-308,1,2496,108,2716,416
ShelfImages/test/C1_P06_N3_S3_1.JPG,-212,-376,1,2504,1448,2716,1824
ShelfImages/test/C1_P06_N3_S3_1.JPG,-220,-308,1,2700,112,2920,420
ShelfImages/test/C1_P06_N3_S3_1.JPG,-212,-336,1,2708,1496,2920,1832
ShelfImages/test/C1_P06_N3_S3_1.JPG,-244,-360,1,2708,756,2952,1116
ShelfImages/test/C1_P06_N3_S3_1.JPG,-220,-308,1,2908,128,3128,436
ShelfImages/test/C1_P06_N3_S3_1.JPG,-244,-360,1,2916,748,3160,1108
ShelfImages/test/C1_P06_N3_S3_1.JPG,-212,-336,1,2928,1492,3140,1828
ShelfImages/test/C1_P06_N3_S3_1.JPG,-220,-308,1,428,812,648,1120
ShelfImages/test/C1_P06_N3_S3_1.JPG,-220,-308,1,456,100,676,408
ShelfImages/test/C1_P06_N3_S3_1.JPG,-244,-388,1,460,1456,704,1844
ShelfImages/test/C1_P06_N3_S3_1.JPG,-220,-308,1,680,108,900,416
ShelfImages/test/C1_P06_N3_S3_1.JPG,-244,-340,1,688,1492,932,1832
ShelfImages/test/C1_P06_N3_S3_1.JPG,-244,-340,1,916,1504,1160,1844
ShelfImages/test/C1_P06_N3_S3_1.JPG,-220,-308,1,924,812,1144,1120
ShelfImages/test/C1_P06_N3_S3_1.JPG,-220,-308,1,984,116,1204,424
ShelfImages/test/C1_P06_N3_S3_1.JPG,-220,-308,6,664,824,884,1132
ShelfImages/test/C1_P06_N3_S3_1.JPG,-216,-308,9,2296,820,2512,1128
ShelfImages/test/C1_P06_N3_S3_1.JPG,-216,-308,9,2508,816,2724,1124
ShelfImages/test/C1_P08_N2_S4_1.JPG,-224,-348,1,1028,1408,1252,1756
ShelfImages/test/C1_P08_N2_S4_1.JPG,-272,-356,1,1028,140,1300,496
ShelfImages/test/C1_P08_N2_S4_1.JPG,-236,-356,1,1056,2016,1292,2372
ShelfImages/test/C1_P08_N2_S4_1.JPG,-236,-408,1,120,1996,356,2404
ShelfImages/test/C1_P08_N2_S4_1.JPG,-272,-356,1,1248,164,1520,520
ShelfImages/test/C1_P08_N2_S4_1.JPG,-192,-376,1,1280,1960,1472,2336
ShelfImages/test/C1_P08_N2_S4_1.JPG,-272,-356,1,1476,164,1748,520
ShelfImages/test/C1_P08_N2_S4_1.JPG,-248,-352,1,1480,808,1728,1160
ShelfImages/test/C1_P08_N2_S4_1.JPG,-192,-372,1,1488,1956,1680,2328
ShelfImages/test/C1_P08_N2_S4_1.JPG,-248,-352,1,1696,804,1944,1156
ShelfImages/test/C1_P08_N2_S4_1.JPG,-204,-372,1,1700,1940,1904,2312
ShelfImages/test/C1_P08_N2_S4_1.JPG,-208,-392,1,1728,128,1936,520
ShelfImages/test/C1_P08_N2_S4_1.JPG,-216,-324,1,1904,1992,2120,2316
ShelfImages/test/C1_P08_N2_S4_1.JPG,-248,-352,1,1908,800,2156,1152
ShelfImages/test/C1_P08_N2_S4_1.JPG,-208,-392,1,1928,128,2136,520
ShelfImages/test/C1_P08_N2_S4_1.JPG,-216,-324,1,2108,1992,2324,2316
ShelfImages/test/C1_P08_N2_S4_1.JPG,-224,-328,1,2112,1424,2336,1752
ShelfImages/test/C1_P08_N2_S4_1.JPG,-224,-352,1,2136,800,2360,1152
ShelfImages/test/C1_P08_N2_S4_1.JPG,-208,-360,1,2144,180,2352,540
ShelfImages/test/C1_P08_N2_S4_1.JPG,-216,-324,1,2316,1980,2532,2304
ShelfImages/test/C1_P08_N2_S4_1.JPG,-224,-352,1,2328,796,2552,1148
ShelfImages/test/C1_P08_N2_S4_1.JPG,-208,-360,1,2364,196,2572,556
ShelfImages/test/C1_P08_N2_S4_1.JPG,-216,-380,1,2528,1924,2744,2304
ShelfImages/test/C1_P08_N2_S4_1.JPG,-224,-352,1,2544,800,2768,1152
ShelfImages/test/C1_P08_N2_S4_1.JPG,-208,-360,1,2572,204,2780,564
ShelfImages/test/C1_P08_N2_S4_1.JPG,-224,-316,1,2712,1972,2936,2288
ShelfImages/test/C1_P08_N2_S4_1.JPG,-224,-392,1,2724,1344,2948,1736
ShelfImages/test/C1_P08_N2_S4_1.JPG,-208,-360,1,2784,204,2992,564
ShelfImages/test/C1_P08_N2_S4_1.JPG,-224,-316,1,2908,1964,3132,2280
ShelfImages/test/C1_P08_N2_S4_1.JPG,-224,-392,1,2924,1328,3148,1720
ShelfImages/test/C1_P08_N2_S4_1.JPG,-224,-392,1,2944,764,3168,1156
ShelfImages/test/C1_P08_N2_S4_1.JPG,-188,-384,1,3008,164,3196,548
ShelfImages/test/C1_P08_N2_S4_1.JPG,-272,-356,1,316,124,588,480
ShelfImages/test/C1_P08_N2_S4_1.JPG,-224,-348,1,332,1432,556,1780
ShelfImages/test/C1_P08_N2_S4_1.JPG,-236,-372,1,348,2044,584,2416
ShelfImages/test/C1_P08_N2_S4_1.JPG,-272,-356,1,548,136,820,492
ShelfImages/test/C1_P08_N2_S4_1.JPG,-224,-348,1,572,1432,796,1780
ShelfImages/test/C1_P08_N2_S4_1.JPG,-236,-372,1,584,2016,820,2388
ShelfImages/test/C1_P08_N2_S4_1.JPG,-272,-356,1,776,148,1048,504
ShelfImages/test/C1_P08_N2_S4_1.JPG,-236,-372,1,816,1992,1052,2364
ShelfImages/test/C1_P08_N2_S4_1.JPG,-236,-408,1,92,1380,328,1788
ShelfImages/test/C1_P08_N2_S4_1.JPG,-272,-452,1,96,32,368,484
ShelfImages/test/C1_P08_N2_S4_1.JPG,-212,-404,7,1252,1356,1464,1760
ShelfImages/test/C1_P08_N2_S4_1.JPG,-220,-360,7,1484,1404,1704,1764
ShelfImages/test/C1_P08_N2_S4_1.JPG,-220,-360,7,1700,1400,1920,1760
ShelfImages/test/C1_P08_N2_S4_1.JPG,-204,-384,7,1920,1372,2124,1756
ShelfImages/test/C1_P08_N2_S4_1.JPG,-224,-328,7,2320,1404,2544,1732
ShelfImages/test/C1_P08_N2_S4_1.JPG,-224,-328,7,2512,1408,2736,1736
ShelfImages/test/C1_P08_N2_S4_1.JPG,-224,-348,7,816,1424,1040,1772
ShelfImages/test/C1_P08_N2_S4_1.JPG,-248,-380,8,1036,772,1284,1152
ShelfImages/test/C1_P08_N2_S4_1.JPG,-248,-352,8,1252,804,1500,1156
ShelfImages/test/C1_P08_N2_S4_1.JPG,-224,-392,8,2748,752,2972,1144
ShelfImages/test/C1_P08_N2_S4_1.JPG,-248,-380,8,328,772,576,1152
ShelfImages/test/C1_P08_N2_S4_1.JPG,-248,-380,8,572,776,820,1156
ShelfImages/test/C1_P08_N2_S4_1.JPG,-248,-380,8,796,772,1044,1152
ShelfImages/test/C1_P08_N2_S4_1.JPG,-248,-440,8,84,704,332,1144
ShelfImages/test/C1_P08_N3_S3_1.JPG,-256,-376,1,1020,916,1276,1292
ShelfImages/test/C1_P08_N3_S3_1.JPG,-200,-356,1,1072,1536,1272,1892
ShelfImages/test/C1_P08_N3_S3_1.JPG,-212,-420,1,1268,1468,1480,1888
ShelfImages/test/C1_P08_N3_S3_1.JPG,-260,-392,1,1468,1476,1728,1868
ShelfImages/test/C1_P08_N3_S3_1.JPG,-252,-364,1,1484,312,1736,676
ShelfImages/test/C1_P08_N3_S3_1.JPG,-212,-408,1,148,1488,360,1896
ShelfImages/test/C1_P08_N3_S3_1.JPG,-216,-420,1,1680,1464,1896,1884
ShelfImages/test/C1_P08_N3_S3_1.JPG,-252,-364,1,1696,312,1948,676
ShelfImages/test/C1_P08_N3_S3_1.JPG,-252,-364,1,1884,324,2136,688
ShelfImages/test/C1_P08_N3_S3_1.JPG,-208,-348,1,1900,1500,2108,1848
ShelfImages/test/C1_P08_N3_S3_1.JPG,-208,-348,1,2084,1500,2292,1848
ShelfImages/test/C1_P08_N3_S3_1.JPG,-216,-368,1,2120,920,2336,1288
ShelfImages/test/C1_P08_N3_S3_1.JPG,-252,-364,1,2128,324,2380,688
ShelfImages/test/C1_P08_N3_S3_1.JPG,-208,-348,1,2288,1492,2496,1840
ShelfImages/test/C1_P08_N3_S3_1.JPG,-252,-364,1,2296,332,2548,696
ShelfImages/test/C1_P08_N3_S3_1.JPG,-208,-372,1,2508,1444,2716,1816
ShelfImages/test/C1_P08_N3_S3_1.JPG,-252,-364,1,2508,340,2760,704
ShelfImages/test/C1_P08_N3_S3_1.JPG,-208,-324,1,2680,1500,2888,1824
ShelfImages/test/C1_P08_N3_S3_1.JPG,-200,-380,1,2696,880,2896,1260
ShelfImages/test/C1_P08_N3_S3_1.JPG,-208,-324,1,2896,1484,3104,1808
ShelfImages/test/C1_P08_N3_S3_1.JPG,-200,-380,1,2908,896,3108,1276
ShelfImages/test/C1_P08_N3_S3_1.JPG,-252,-372,1,2920,320,3172,692
ShelfImages/test/C1_P08_N3_S3_1.JPG,-256,-376,1,340,920,596,1296
ShelfImages/test/C1_P08_N3_S3_1.JPG,-212,-364,1,372,1540,584,1904
ShelfImages/test/C1_P08_N3_S3_1.JPG,-256,-376,1,564,920,820,1296
ShelfImages/test/C1_P08_N3_S3_1.JPG,-212,-364,1,612,1540,824,1904
ShelfImages/test/C1_P08_N3_S3_1.JPG,-212,-408,1,832,1464,1044,1872
ShelfImages/test/C1_P08_N3_S3_1.JPG,-256,-408,1,92,876,348,1284
ShelfImages/test/C1_P08_N3_S3_1.JPG,-216,-396,7,1256,888,1472,1284
ShelfImages/test/C1_P08_N3_S3_1.JPG,-216,-348,7,1484,928,1700,1276
ShelfImages/test/C1_P08_N3_S3_1.JPG,-216,-356,7,1688,932,1904,1288
ShelfImages/test/C1_P08_N3_S3_1.JPG,-216,-368,7,1904,892,2120,1260
ShelfImages/test/C1_P08_N3_S3_1.JPG,-216,-368,7,2312,912,2528,1280
ShelfImages/test/C1_P08_N3_S3_1.JPG,-200,-340,7,2508,928,2708,1268
ShelfImages/test/C1_P08_N3_S3_1.JPG,-256,-376,7,804,940,1060,1316
ShelfImages/test/C1_P08_N3_S3_1.JPG,-252,-364,8,1060,300,1312,664
ShelfImages/test/C1_P08_N3_S3_1.JPG,-252,-364,8,1268,308,1520,672
ShelfImages/test/C1_P08_N3_S3_1.JPG,-252,-372,8,2720,308,2972,680
ShelfImages/test/C1_P08_N3_S3_1.JPG,-252,-364,8,352,248,604,612
ShelfImages/test/C1_P08_N3_S3_1.JPG,-252,-364,8,584,280,836,644
ShelfImages/test/C1_P08_N3_S3_1.JPG,-252,-364,8,824,300,1076,664
ShelfImages/test/C1_P08_N3_S3_1.JPG,-252,-448,8,96,196,348,644
ShelfImages/test/C1_P10_N1_S3_1.JPG,-232,-412,1,1016,192,1248,604
ShelfImages/test/C1_P10_N1_S3_1.JPG,-232,-364,1,1040,1028,1272,1392
ShelfImages/test/C1_P10_N1_S3_1.JPG,-232,-412,1,1232,192,1464,604
ShelfImages/test/C1_P10_N1_S3_1.JPG,-232,-364,1,1276,1028,1508,1392
ShelfImages/test/C1_P10_N1_S3_1.JPG,-232,-364,1,132,1024,364,1388
ShelfImages/test/C1_P10_N1_S3_1.JPG,-232,-412,1,1472,192,1704,604
ShelfImages/test/C1_P10_N1_S3_1.JPG,-232,-364,1,1496,1008,1728,1372
ShelfImages/test/C1_P10_N1_S3_1.JPG,-232,-412,1,1700,160,1932,572
ShelfImages/test/C1_P10_N1_S3_1.JPG,-232,-364,1,1740,1008,1972,1372
ShelfImages/test/C1_P10_N1_S3_1.JPG,-232,-364,1,1936,192,2168,556
ShelfImages/test/C1_P10_N1_S3_1.JPG,-244,-384,1,2196,1784,2440,2168
ShelfImages/test/C1_P10_N1_S3_1.JPG,-232,-364,1,2424,144,2656,508
ShelfImages/test/C1_P10_N1_S3_1.JPG,-276,-420,1,2468,916,2744,1336
ShelfImages/test/C1_P10_N1_S3_1.JPG,-244,-384,1,2472,1776,2716,2160
ShelfImages/test/C1_P10_N1_S3_1.JPG,-244,-384,1,2740,1784,2984,2168
ShelfImages/test/C1_P10_N1_S3_1.JPG,-276,-420,1,2740,888,3016,1308
ShelfImages/test/C1_P10_N1_S3_1.JPG,-244,-384,1,308,1796,552,2180
ShelfImages/test/C1_P10_N1_S3_1.JPG,-232,-364,1,364,1040,596,1404
ShelfImages/test/C1_P10_N1_S3_1.JPG,-204,-336,1,376,304,580,640
ShelfImages/test/C1_P10_N1_S3_1.JPG,-244,-384,1,508,1784,752,2168
ShelfImages/test/C1_P10_N1_S3_1.JPG,-204,-336,1,812,284,1016,620
ShelfImages/test/C1_P10_N1_S3_1.JPG,-244,-384,3,1204,1784,1448,2168
ShelfImages/test/C1_P10_N1_S3_1.JPG,-244,-384,3,1696,1784,1940,2168
ShelfImages/test/C1_P10_N1_S3_1.JPG,-244,-384,3,1956,1792,2200,2176
ShelfImages/test/C1_P10_N1_S3_1.JPG,-244,-384,3,748,1792,992,2176
ShelfImages/test/C1_P10_N1_S3_1.JPG,-232,-364,6,596,1028,828,1392
ShelfImages/test/C1_P10_N1_S3_1.JPG,-232,-364,6,820,1016,1052,1380
ShelfImages/test/C1_P10_N1_S3_1.JPG,-232,-364,9,1984,1008,2216,1372
ShelfImages/test/C1_P10_N1_S3_1.JPG,-232,-364,9,2240,996,2472,1360
ShelfImages/test/C1_P10_N1_S5_1.JPG,-156,-280,1,1000,2016,1156,2296
ShelfImages/test/C1_P10_N1_S5_1.JPG,-164,-256,1,1112,116,1276,372
ShelfImages/test/C1_P10_N1_S5_1.JPG,-156,-280,1,1152,2008,1308,2288
ShelfImages/test/C1_P10_N1_S5_1.JPG,-156,-220,1,124,1112,280,1332
ShelfImages/test/C1_P10_N1_S5_1.JPG,-156,-228,1,1272,1100,1428,1328
ShelfImages/test/C1_P10_N1_S5_1.JPG,-156,-232,1,1276,1572,1432,1804
ShelfImages/test/C1_P10_N1_S5_1.JPG,-156,-280,1,1304,2020,1460,2300
ShelfImages/test/C1_P10_N1_S5_1.JPG,-156,-232,1,140,1988,296,2220
ShelfImages/test/C1_P10_N1_S5_1.JPG,-164,-256,1,1416,92,1580,348
ShelfImages/test/C1_P10_N1_S5_1.JPG,-156,-228,1,1428,1096,1584,1324
ShelfImages/test/C1_P10_N1_S5_1.JPG,-156,-232,1,1428,1580,1584,1812
ShelfImages/test/C1_P10_N1_S5_1.JPG,-144,-256,1,1452,564,1596,820
ShelfImages/test/C1_P10_N1_S5_1.JPG,-156,-280,1,1456,2040,1612,2320
ShelfImages/test/C1_P10_N1_S5_1.JPG,-140,-228,1,148,1544,288,1772
ShelfImages/test/C1_P10_N1_S5_1.JPG,-140,-208,1,152,188,292,396
ShelfImages/test/C1_P10_N1_S5_1.JPG,-140,-216,1,156,652,296,868
ShelfImages/test/C1_P10_N1_S5_1.JPG,-156,-228,1,1584,1096,1740,1324
ShelfImages/test/C1_P10_N1_S5_1.JPG,-156,-232,1,1588,1584,1744,1816
ShelfImages/test/C1_P10_N1_S5_1.JPG,-156,-280,1,1604,2044,1760,2324
ShelfImages/test/C1_P10_N1_S5_1.JPG,-144,-256,1,1616,560,1760,816
ShelfImages/test/C1_P10_N1_S5_1.JPG,-156,-220,1,260,1104,416,1324
ShelfImages/test/C1_P10_N1_S5_1.JPG,-140,-228,1,280,1544,420,1772
ShelfImages/test/C1_P10_N1_S5_1.JPG,-156,-280,1,280,1960,436,2240
ShelfImages/test/C1_P10_N1_S5_1.JPG,-140,-216,1,28,636,168,852
ShelfImages/test/C1_P10_N1_S5_1.JPG,-140,-208,1,416,180,556,388
ShelfImages/test/C1_P10_N1_S5_1.JPG,-156,-244,1,424,2000,580,2244
ShelfImages/test/C1_P10_N1_S5_1.JPG,-164,-256,1,548,120,712,376
ShelfImages/test/C1_P10_N1_S5_1.JPG,-156,-280,1,560,1968,716,2248
ShelfImages/test/C1_P10_N1_S5_1.JPG,-140,-216,1,568,648,708,864
ShelfImages/test/C1_P10_N1_S5_1.JPG,-164,-256,1,684,112,848,368
ShelfImages/test/C1_P10_N1_S5_1.JPG,-140,-216,1,712,652,852,868
ShelfImages/test/C1_P10_N1_S5_1.JPG,-156,-280,1,724,2004,880,2284
ShelfImages/test/C1_P10_N1_S5_1.JPG,-164,-256,1,820,108,984,364
ShelfImages/test/C1_P10_N1_S5_1.JPG,-156,-280,1,848,2008,1004,2288
ShelfImages/test/C1_P10_N1_S5_1.JPG,-140,-216,1,864,628,1004,844
ShelfImages/test/C1_P10_N1_S5_1.JPG,-164,-256,1,976,100,1140,356
ShelfImages/test/C1_P10_N1_S5_1.JPG,-140,-216,1,996,628,1136,844
ShelfImages/test/C1_P10_N1_S5_1.JPG,-156,-228,3,1120,1104,1276,1332
ShelfImages/test/C1_P10_N1_S5_1.JPG,-140,-228,3,1136,1572,1276,1800
ShelfImages/test/C1_P10_N1_S5_1.JPG,-156,-220,3,400,1108,556,1328
ShelfImages/test/C1_P10_N1_S5_1.JPG,-140,-228,3,416,1540,556,1768
ShelfImages/test/C1_P10_N1_S5_1.JPG,-140,-228,3,548,1556,688,1784
ShelfImages/test/C1_P10_N1_S5_1.JPG,-156,-220,3,664,1108,820,1328
ShelfImages/test/C1_P10_N1_S5_1.JPG,-140,-228,3,696,1560,836,1788
ShelfImages/test/C1_P10_N1_S5_1.JPG,-140,-228,3,840,1568,980,1796
ShelfImages/test/C1_P10_N1_S5_1.JPG,-156,-228,3,972,1100,1128,1328
ShelfImages/test/C1_P10_N1_S5_1.JPG,-140,-228,3,976,1560,1116,1788
ShelfImages/test/C1_P10_N1_S5_1.JPG,-140,-216,6,308,660,448,876
ShelfImages/test/C1_P10_N1_S5_1.JPG,-140,-216,6,436,644,576,860
ShelfImages/test/C1_P10_N1_S5_1.JPG,-140,-216,9,1152,628,1292,844
ShelfImages/test/C1_P10_N1_S5_1.JPG,-140,-216,9,1308,604,1448,820
ShelfImages/test/C1_P10_N2_S3_1.JPG,-228,-324,1,1156,224,1384,548
ShelfImages/test/C1_P10_N2_S3_1.JPG,-228,-324,1,1384,208,1612,532
ShelfImages/test/C1_P10_N2_S3_1.JPG,-260,-328,1,156,1016,416,1344
ShelfImages/test/C1_P10_N2_S3_1.JPG,-228,-324,1,1636,208,1864,532
ShelfImages/test/C1_P10_N2_S3_1.JPG,-228,-324,1,16,260,244,584
ShelfImages/test/C1_P10_N2_S3_1.JPG,-260,-344,1,2080,980,2340,1324
ShelfImages/test/C1_P10_N2_S3_1.JPG,-260,-376,1,2092,1776,2352,2152
ShelfImages/test/C1_P10_N2_S3_1.JPG,-260,-376,1,212,1728,472,2104
ShelfImages/test/C1_P10_N2_S3_1.JPG,-260,-376,1,2332,1788,2592,2164
ShelfImages/test/C1_P10_N2_S3_1.JPG,-260,-344,1,2352,996,2612,1340
ShelfImages/test/C1_P10_N2_S3_1.JPG,-228,-324,1,236,256,464,580
ShelfImages/test/C1_P10_N2_S3_1.JPG,-268,-412,1,2380,80,2648,492
ShelfImages/test/C1_P10_N2_S3_1.JPG,-260,-376,1,2608,1796,2868,2172
ShelfImages/test/C1_P10_N2_S3_1.JPG,-260,-344,1,2620,972,2880,1316
ShelfImages/test/C1_P10_N2_S3_1.JPG,-268,-412,1,2648,84,2916,496
ShelfImages/test/C1_P10_N2_S3_1.JPG,-260,-328,1,408,1012,668,1340
ShelfImages/test/C1_P10_N2_S3_1.JPG,-260,-376,1,436,1740,696,2116
ShelfImages/test/C1_P10_N2_S3_1.JPG,-228,-324,1,916,240,1144,564
ShelfImages/test/C1_P10_N2_S3_1.JPG,-260,-344,3,1092,1008,1352,1352
ShelfImages/test/C1_P10_N2_S3_1.JPG,-260,-376,3,1100,1760,1360,2136
ShelfImages/test/C1_P10_N2_S3_1.JPG,-260,-376,3,1332,1764,1592,2140
ShelfImages/test/C1_P10_N2_S3_1.JPG,-260,-376,3,1576,1760,1836,2136
ShelfImages/test/C1_P10_N2_S3_1.JPG,-260,-344,3,1584,984,1844,1328
ShelfImages/test/C1_P10_N2_S3_1.JPG,-260,-344,3,1828,984,2088,1328
ShelfImages/test/C1_P10_N2_S3_1.JPG,-260,-376,3,1840,1760,2100,2136
ShelfImages/test/C1_P10_N2_S3_1.JPG,-260,-376,3,636,1744,896,2120
ShelfImages/test/C1_P10_N2_S3_1.JPG,-260,-328,3,644,1016,904,1344
ShelfImages/test/C1_P10_N2_S3_1.JPG,-260,-376,3,868,1740,1128,2116
ShelfImages/test/C1_P10_N2_S3_1.JPG,-228,-324,6,468,252,696,576
ShelfImages/test/C1_P10_N2_S3_1.JPG,-228,-324,6,688,244,916,568
ShelfImages/test/C1_P10_N2_S3_1.JPG,-228,-324,9,1884,188,2112,512
ShelfImages/test/C1_P10_N2_S3_1.JPG,-228,-324,9,2124,180,2352,504
ShelfImages/test/C1_P11_N1_S3_1.JPG,-256,-372,1,1072,1136,1328,1508
ShelfImages/test/C1_P11_N1_S3_1.JPG,-256,-372,1,1460,1136,1716,1508
ShelfImages/test/C1_P11_N1_S3_1.JPG,-252,-384,1,1460,1776,1712,2160
ShelfImages/test/C1_P11_N1_S3_1.JPG,-256,-348,1,1484,540,1740,888
ShelfImages/test/C1_P11_N1_S3_1.JPG,-256,-348,1,1684,532,1940,880
ShelfImages/test/C1_P11_N1_S3_1.JPG,-256,-372,1,1696,1140,1952,1512
ShelfImages/test/C1_P11_N1_S3_1.JPG,-256,-372,1,2064,1156,2320,1528
ShelfImages/test/C1_P11_N1_S3_1.JPG,-220,-372,1,2516,1140,2736,1512
ShelfImages/test/C1_P11_N1_S3_1.JPG,-252,-384,1,2524,1756,2776,2140
ShelfImages/test/C1_P11_N1_S3_1.JPG,-220,-328,1,2724,1164,2944,1492
ShelfImages/test/C1_P11_N1_S3_1.JPG,-256,-348,1,2732,560,2988,908
ShelfImages/test/C1_P11_N1_S3_1.JPG,-220,-328,1,2940,1164,3160,1492
ShelfImages/test/C1_P11_N1_S3_1.JPG,-252,-384,1,2940,1748,3192,2132
ShelfImages/test/C1_P11_N1_S3_1.JPG,-252,-436,1,60,1744,312,2180
ShelfImages/test/C1_P11_N1_S3_1.JPG,-256,-424,1,76,1080,332,1504
ShelfImages/test/C1_P11_N1_S3_1.JPG,-256,-348,2,2304,548,2560,896
ShelfImages/test/C1_P11_N1_S3_1.JPG,-256,-348,2,2524,556,2780,904
ShelfImages/test/C1_P11_N1_S3_1.JPG,-232,-364,2,356,476,588,840
ShelfImages/test/C1_P11_N1_S3_1.JPG,-256,-348,2,580,488,836,836
ShelfImages/test/C1_P11_N1_S3_1.JPG,-272,-412,2,64,424,336,836
ShelfImages/test/C1_P11_N1_S3_1.JPG,-256,-348,2,812,472,1068,820
ShelfImages/test/C1_P11_N1_S3_1.JPG,-252,-384,5,1020,1776,1272,2160
ShelfImages/test/C1_P11_N1_S3_1.JPG,-252,-384,5,2072,1768,2324,2152
ShelfImages/test/C1_P11_N1_S3_1.JPG,-252,-384,5,2308,1764,2560,2148
ShelfImages/test/C1_P11_N1_S3_1.JPG,-252,-384,5,312,1792,564,2176
ShelfImages/test/C1_P11_N1_S3_1.JPG,-252,-384,5,564,1780,816,2164
ShelfImages/test/C1_P11_N1_S3_1.JPG,-252,-384,5,788,1764,1040,2148
ShelfImages/test/C1_P11_N1_S4_2.JPG,-212,-312,1,1160,1964,1372,2276
ShelfImages/test/C1_P11_N1_S4_2.JPG,-220,-284,1,1172,896,1392,1180
ShelfImages/test/C1_P11_N1_S4_2.JPG,-220,-284,1,1508,896,1728,1180
ShelfImages/test/C1_P11_N1_S4_2.JPG,-212,-312,1,1512,1936,1724,2248
ShelfImages/test/C1_P11_N1_S4_2.JPG,-204,-284,1,1512,368,1716,652
ShelfImages/test/C1_P11_N1_S4_2.JPG,-188,-280,1,1516,1444,1704,1724
ShelfImages/test/C1_P11_N1_S4_2.JPG,-220,-284,1,1692,900,1912,1184
ShelfImages/test/C1_P11_N1_S4_2.JPG,-204,-284,1,1704,376,1908,660
ShelfImages/test/C1_P11_N1_S4_2.JPG,-212,-312,1,1708,1936,1920,2248
ShelfImages/test/C1_P11_N1_S4_2.JPG,-220,-284,1,2012,912,2232,1196
ShelfImages/test/C1_P11_N1_S4_2.JPG,-212,-312,1,2064,1912,2276,2224
ShelfImages/test/C1_P11_N1_S4_2.JPG,-140,-332,1,2252,1892,2392,2224
ShelfImages/test/C1_P11_N1_S4_2.JPG,-188,-264,1,2372,912,2560,1176
ShelfImages/test/C1_P11_N1_S4_2.JPG,-188,-280,1,2408,1412,2596,1692
ShelfImages/test/C1_P11_N1_S4_2.JPG,-156,-268,1,2408,1924,2564,2192
ShelfImages/test/C1_P11_N1_S4_2.JPG,-188,-264,1,2560,912,2748,1176
ShelfImages/test/C1_P11_N1_S4_2.JPG,-204,-284,1,2564,408,2768,692
ShelfImages/test/C1_P11_N1_S4_2.JPG,-180,-280,1,2580,1908,2760,2188
ShelfImages/test/C1_P11_N1_S4_2.JPG,-188,-280,1,2728,1388,2916,1668
ShelfImages/test/C1_P11_N1_S4_2.JPG,-188,-264,1,2728,912,2916,1176
ShelfImages/test/C1_P11_N1_S4_2.JPG,-180,-280,1,2764,1904,2944,2184
ShelfImages/test/C1_P11_N1_S4_2.JPG,-212,-312,1,344,1992,556,2304
ShelfImages/test/C1_P11_N1_S4_2.JPG,-204,-364,1,368,1400,572,1764
ShelfImages/test/C1_P11_N1_S4_2.JPG,-220,-340,1,368,864,588,1204
ShelfImages/test/C1_P11_N1_S4_2.JPG,-212,-312,1,580,1984,792,2296
ShelfImages/test/C1_P11_N1_S4_2.JPG,-212,-340,1,764,1932,976,2272
ShelfImages/test/C1_P11_N1_S4_2.JPG,-180,-332,1,988,1936,1168,2268
ShelfImages/test/C1_P11_N1_S4_2.JPG,-204,-284,2,2208,396,2412,680
ShelfImages/test/C1_P11_N1_S4_2.JPG,-204,-284,2,2392,412,2596,696
ShelfImages/test/C1_P11_N1_S4_2.JPG,-244,-340,2,328,316,572,656
ShelfImages/test/C1_P11_N1_S4_2.JPG,-232,-308,2,548,348,780,656
ShelfImages/test/C1_P11_N1_S4_2.JPG,-232,-308,2,756,360,988,668
ShelfImages/test/C1_P11_N1_S4_2.JPG,-204,-284,2,964,376,1168,660
ShelfImages/test/C1_P11_N1_S4_2.JPG,-212,-308,5,1148,1428,1360,1736
ShelfImages/test/C1_P11_N1_S4_2.JPG,-188,-280,5,2044,1412,2232,1692
ShelfImages/test/C1_P11_N1_S4_2.JPG,-188,-280,5,2232,1412,2420,1692
ShelfImages/test/C1_P11_N1_S4_2.JPG,-212,-308,5,568,1440,780,1748
ShelfImages/test/C1_P11_N1_S4_2.JPG,-212,-308,5,772,1432,984,1740
ShelfImages/test/C1_P11_N1_S4_2.JPG,-212,-308,5,960,1436,1172,1744
ShelfImages/test/C1_P11_N2_S3_2.JPG,-284,-412,1,1068,252,1352,664
ShelfImages/test/C1_P11_N2_S3_2.JPG,-216,-360,1,1080,1480,1296,1840
ShelfImages/test/C1_P11_N2_S3_2.JPG,-284,-412,1,132,232,416,644
ShelfImages/test/C1_P11_N2_S3_2.JPG,-236,-344,1,1464,892,1700,1236
ShelfImages/test/C1_P11_N2_S3_2.JPG,-216,-360,1,1468,1452,1684,1812
ShelfImages/test/C1_P11_N2_S3_2.JPG,-244,-364,1,1468,296,1712,660
ShelfImages/test/C1_P11_N2_S3_2.JPG,-244,-320,1,156,1516,400,1836
ShelfImages/test/C1_P11_N2_S3_2.JPG,-248,-388,1,164,848,412,1236
ShelfImages/test/C1_P11_N2_S3_2.JPG,-216,-360,1,1672,1464,1888,1824
ShelfImages/test/C1_P11_N2_S3_2.JPG,-244,-364,1,1672,292,1916,656
ShelfImages/test/C1_P11_N2_S3_2.JPG,-244,-364,1,2040,288,2284,652
ShelfImages/test/C1_P11_N2_S3_2.JPG,-216,-360,1,2072,1436,2288,1796
ShelfImages/test/C1_P11_N2_S3_2.JPG,-192,-344,1,2268,1428,2460,1772
ShelfImages/test/C1_P11_N2_S3_2.JPG,-244,-364,1,2436,308,2680,672
ShelfImages/test/C1_P11_N2_S3_2.JPG,-204,-316,1,2456,1456,2660,1772
ShelfImages/test/C1_P11_N2_S3_2.JPG,-196,-320,1,2472,884,2668,1204
ShelfImages/test/C1_P11_N2_S3_2.JPG,-232,-320,1,2644,320,2876,640
ShelfImages/test/C1_P11_N2_S3_2.JPG,-204,-316,1,2656,1448,2860,1764
ShelfImages/test/C1_P11_N2_S3_2.JPG,-232,-320,1,2840,324,3072,644
ShelfImages/test/C1_P11_N2_S3_2.JPG,-196,-320,1,2852,872,3048,1192
ShelfImages/test/C1_P11_N2_S3_2.JPG,-204,-316,1,2860,1432,3064,1748
ShelfImages/test/C1_P11_N2_S3_2.JPG,-244,-320,1,408,1516,652,1836
ShelfImages/test/C1_P11_N2_S3_2.JPG,-232,-352,1,636,1456,868,1808
ShelfImages/test/C1_P11_N2_S3_2.JPG,-204,-380,1,876,1448,1080,1828
ShelfImages/test/C1_P11_N2_S3_2.JPG,-236,-344,5,1072,888,1308,1232
ShelfImages/test/C1_P11_N2_S3_2.JPG,-236,-344,5,2044,884,2280,1228
ShelfImages/test/C1_P11_N2_S3_2.JPG,-236,-344,5,2248,876,2484,1220
ShelfImages/test/C1_P11_N2_S3_2.JPG,-236,-344,5,400,892,636,1236
ShelfImages/test/C1_P11_N2_S3_2.JPG,-236,-344,5,636,896,872,1240
ShelfImages/test/C1_P11_N2_S3_2.JPG,-236,-344,5,856,880,1092,1224
ShelfImages/test/C1_P11_N2_S4_2.JPG,-236,-344,1,1000,1876,1236,2220
ShelfImages/test/C1_P11_N2_S4_2.JPG,-228,-332,1,1116,1304,1344,1636
ShelfImages/test/C1_P11_N2_S4_2.JPG,-208,-344,1,1144,76,1352,420
ShelfImages/test/C1_P11_N2_S4_2.JPG,-236,-392,1,1216,1832,1452,2224
ShelfImages/test/C1_P11_N2_S4_2.JPG,-208,-368,1,1428,1840,1636,2208
ShelfImages/test/C1_P11_N2_S4_2.JPG,-228,-332,1,1500,1284,1728,1616
ShelfImages/test/C1_P11_N2_S4_2.JPG,-224,-360,1,1512,708,1736,1068
ShelfImages/test/C1_P11_N2_S4_2.JPG,-208,-344,1,1532,96,1740,440
ShelfImages/test/C1_P11_N2_S4_2.JPG,-208,-368,1,1620,1844,1828,2212
ShelfImages/test/C1_P11_N2_S4_2.JPG,-268,-392,1,164,24,432,416
ShelfImages/test/C1_P11_N2_S4_2.JPG,-228,-332,1,1696,1284,1924,1616
ShelfImages/test/C1_P11_N2_S4_2.JPG,-208,-344,1,1740,104,1948,448
ShelfImages/test/C1_P11_N2_S4_2.JPG,-212,-324,1,1820,1868,2032,2192
ShelfImages/test/C1_P11_N2_S4_2.JPG,-212,-324,1,2040,1852,2252,2176
ShelfImages/test/C1_P11_N2_S4_2.JPG,-240,-392,1,204,656,444,1048
ShelfImages/test/C1_P11_N2_S4_2.JPG,-228,-332,1,2080,1292,2308,1624
ShelfImages/test/C1_P11_N2_S4_2.JPG,-208,-344,1,2096,120,2304,464
ShelfImages/test/C1_P11_N2_S4_2.JPG,-256,-344,1,212,1328,468,1672
ShelfImages/test/C1_P11_N2_S4_2.JPG,-188,-360,1,2304,1252,2492,1612
ShelfImages/test/C1_P11_N2_S4_2.JPG,-212,-308,1,2472,1288,2684,1596
ShelfImages/test/C1_P11_N2_S4_2.JPG,-208,-344,1,2500,120,2708,464
ShelfImages/test/C1_P11_N2_S4_2.JPG,-200,-352,1,2508,696,2708,1048
ShelfImages/test/C1_P11_N2_S4_2.JPG,-212,-308,1,2680,1284,2892,1592
ShelfImages/test/C1_P11_N2_S4_2.JPG,-208,-344,1,2708,108,2916,452
ShelfImages/test/C1_P11_N2_S4_2.JPG,-244,-332,1,2816,1804,3060,2136
ShelfImages/test/C1_P11_N2_S4_2.JPG,-212,-308,1,2884,1276,3096,1584
ShelfImages/test/C1_P11_N2_S4_2.JPG,-200,-352,1,2908,696,3108,1048
ShelfImages/test/C1_P11_N2_S4_2.JPG,-208,-344,1,2912,120,3120,464
ShelfImages/test/C1_P11_N2_S4_2.JPG,-228,-380,1,292,1872,520,2252
ShelfImages/test/C1_P11_N2_S4_2.JPG,-220,-344,1,464,1312,684,1656
ShelfImages/test/C1_P11_N2_S4_2.JPG,-236,-344,1,528,1896,764,2240
ShelfImages/test/C1_P11_N2_S4_2.JPG,-216,-408,1,692,1256,908,1664
ShelfImages/test/C1_P11_N2_S4_2.JPG,-236,-344,1,784,1896,1020,2240
ShelfImages/test/C1_P11_N2_S4_2.JPG,-200,-416,1,912,1220,1112,1636
ShelfImages/test/C1_P11_N2_S4_2.JPG,-224,-360,5,1112,700,1336,1060
ShelfImages/test/C1_P11_N2_S4_2.JPG,-224,-360,5,2088,692,2312,1052
ShelfImages/test/C1_P11_N2_S4_2.JPG,-224,-360,5,2300,696,2524,1056
ShelfImages/test/C1_P11_N2_S4_2.JPG,-224,-360,5,444,696,668,1056
ShelfImages/test/C1_P11_N2_S4_2.JPG,-224,-360,5,680,692,904,1052
ShelfImages/test/C1_P11_N2_S4_2.JPG,-224,-360,5,892,704,1116,1064
ShelfImages/test/C1_P11_N2_S4_2.JPG,-244,-332,11,2596,1808,2840,2140
ShelfImages/test/C1_P11_N2_S4_3.JPG,-180,-316,1,1028,1308,1208,1624
ShelfImages/test/C1_P11_N2_S4_3.JPG,-180,-312,1,1124,1844,1304,2156
ShelfImages/test/C1_P11_N2_S4_3.JPG,-236,-348,1,1180,232,1416,580
ShelfImages/test/C1_P11_N2_S4_3.JPG,-180,-316,1,1224,1316,1404,1632
ShelfImages/test/C1_P11_N2_S4_3.JPG,-180,-336,1,1316,1804,1496,2140
ShelfImages/test/C1_P11_N2_S4_3.JPG,-180,-336,1,1496,1800,1676,2136
ShelfImages/test/C1_P11_N2_S4_3.JPG,-200,-300,1,1556,264,1756,564
ShelfImages/test/C1_P11_N2_S4_3.JPG,-200,-296,1,1556,804,1756,1100
ShelfImages/test/C1_P11_N2_S4_3.JPG,-180,-316,1,1568,1296,1748,1612
ShelfImages/test/C1_P11_N2_S4_3.JPG,-180,-336,1,1688,1796,1868,2132
ShelfImages/test/C1_P11_N2_S4_3.JPG,-200,-300,1,1748,268,1948,568
ShelfImages/test/C1_P11_N2_S4_3.JPG,-180,-316,1,1752,1292,1932,1608
ShelfImages/test/C1_P11_N2_S4_3.JPG,-180,-316,1,1864,1804,2044,2120
ShelfImages/test/C1_P11_N2_S4_3.JPG,-200,-300,1,2064,260,2264,560
ShelfImages/test/C1_P11_N2_S4_3.JPG,-180,-316,1,2080,1808,2260,2124
ShelfImages/test/C1_P11_N2_S4_3.JPG,-180,-316,1,2104,1272,2284,1588
ShelfImages/test/C1_P11_N2_S4_3.JPG,-180,-316,1,2272,1272,2452,1588
ShelfImages/test/C1_P11_N2_S4_3.JPG,-200,-276,1,2416,272,2616,548
ShelfImages/test/C1_P11_N2_S4_3.JPG,-180,-268,1,2428,1296,2608,1564
ShelfImages/test/C1_P11_N2_S4_3.JPG,-200,-296,1,2436,780,2636,1076
ShelfImages/test/C1_P11_N2_S4_3.JPG,-200,-276,1,2604,264,2804,540
ShelfImages/test/C1_P11_N2_S4_3.JPG,-180,-268,1,2616,1292,2796,1560
ShelfImages/test/C1_P11_N2_S4_3.JPG,-180,-316,1,2760,1748,2940,2064
ShelfImages/test/C1_P11_N2_S4_3.JPG,-200,-296,1,2772,768,2972,1064
ShelfImages/test/C1_P11_N2_S4_3.JPG,-200,-276,1,2780,272,2980,548
ShelfImages/test/C1_P11_N2_S4_3.JPG,-180,-268,1,2816,1284,2996,1552
ShelfImages/test/C1_P11_N2_S4_3.JPG,-236,-348,1,380,220,616,568
ShelfImages/test/C1_P11_N2_S4_3.JPG,-200,-296,1,416,1360,616,1656
ShelfImages/test/C1_P11_N2_S4_3.JPG,-204,-336,1,416,776,620,1112
ShelfImages/test/C1_P11_N2_S4_3.JPG,-180,-328,1,488,1864,668,2192
ShelfImages/test/C1_P11_N2_S4_3.JPG,-200,-296,1,624,1348,824,1644
ShelfImages/test/C1_P11_N2_S4_3.JPG,-180,-312,1,712,1864,892,2176
ShelfImages/test/C1_P11_N2_S4_3.JPG,-180,-316,1,840,1312,1020,1628
ShelfImages/test/C1_P11_N2_S4_3.JPG,-180,-312,1,916,1864,1096,2176
ShelfImages/test/C1_P11_N2_S4_3.JPG,-200,-296,5,1012,812,1212,1108
ShelfImages/test/C1_P11_N2_S4_3.JPG,-200,-296,5,1196,804,1396,1100
ShelfImages/test/C1_P11_N2_S4_3.JPG,-200,-296,5,2068,792,2268,1088
ShelfImages/test/C1_P11_N2_S4_3.JPG,-200,-296,5,2268,788,2468,1084
ShelfImages/test/C1_P11_N2_S4_3.JPG,-200,-296,5,612,812,812,1108
ShelfImages/test/C1_P11_N2_S4_3.JPG,-200,-296,5,820,816,1020,1112
ShelfImages/test/C1_P11_N2_S4_3.JPG,-180,-316,11,2552,1756,2732,2072
ShelfImages/test/C1_P12_N1_S2_1.JPG,-324,-508,1,1220,1424,1544,1932
ShelfImages/test/C1_P12_N1_S2_1.JPG,-296,-456,1,1228,532,1524,988
ShelfImages/test/C1_P12_N1_S2_1.JPG,-296,-456,1,1532,544,1828,1000
ShelfImages/test/C1_P12_N1_S2_1.JPG,-324,-508,1,1548,1416,1872,1924
ShelfImages/test/C1_P12_N1_S2_1.JPG,-296,-456,1,1876,520,2172,976
ShelfImages/test/C1_P12_N1_S2_1.JPG,-324,-508,1,1884,1416,2208,1924
ShelfImages/test/C1_P12_N1_S2_1.JPG,-296,-456,1,2232,520,2528,976
ShelfImages/test/C1_P12_N1_S2_1.JPG,-296,-536,1,2256,1372,2552,1908
ShelfImages/test/C1_P12_N1_S2_1.JPG,-324,-508,1,240,1412,564,1920
ShelfImages/test/C1_P12_N1_S2_1.JPG,-296,-456,1,284,560,580,1016
ShelfImages/test/C1_P12_N1_S2_1.JPG,-324,-508,1,544,1424,868,1932
ShelfImages/test/C1_P12_N1_S2_1.JPG,-296,-456,1,580,552,876,1008
ShelfImages/test/C1_P12_N1_S2_1.JPG,-324,-508,1,888,1408,1212,1916
ShelfImages/test/C1_P12_N1_S2_1.JPG,-296,-456,1,924,536,1220,992
ShelfImages/test/C1_P12_N1_S3_1.JPG,-276,-416,1,1228,1020,1504,1436
ShelfImages/test/C1_P12_N1_S3_1.JPG,-288,-444,1,1256,1788,1544,2232
ShelfImages/test/C1_P12_N1_S3_1.JPG,-248,-376,1,1264,256,1512,632
ShelfImages/test/C1_P12_N1_S3_1.JPG,-268,-476,1,140,1720,408,2196
ShelfImages/test/C1_P12_N1_S3_1.JPG,-288,-444,1,1528,1784,1816,2228
ShelfImages/test/C1_P12_N1_S3_1.JPG,-276,-416,1,152,1016,428,1432
ShelfImages/test/C1_P12_N1_S3_1.JPG,-248,-376,1,1544,256,1792,632
ShelfImages/test/C1_P12_N1_S3_1.JPG,-276,-416,1,1548,1016,1824,1432
ShelfImages/test/C1_P12_N1_S3_1.JPG,-248,-376,1,172,280,420,656
ShelfImages/test/C1_P12_N1_S3_1.JPG,-288,-444,1,1816,1788,2104,2232
ShelfImages/test/C1_P12_N1_S3_1.JPG,-268,-476,1,1840,980,2108,1456
ShelfImages/test/C1_P12_N1_S3_1.JPG,-248,-376,1,1860,248,2108,624
ShelfImages/test/C1_P12_N1_S3_1.JPG,-276,-416,1,420,1016,696,1432
ShelfImages/test/C1_P12_N1_S3_1.JPG,-248,-376,1,432,280,680,656
ShelfImages/test/C1_P12_N1_S3_1.JPG,-276,-416,1,700,1024,976,1440
ShelfImages/test/C1_P12_N1_S3_1.JPG,-288,-444,1,708,1756,996,2200
ShelfImages/test/C1_P12_N1_S3_1.JPG,-248,-376,1,720,276,968,652
ShelfImages/test/C1_P12_N1_S3_1.JPG,-288,-444,1,976,1772,1264,2216
ShelfImages/test/C1_P12_N1_S3_1.JPG,-276,-416,1,980,1016,1256,1432
ShelfImages/test/C1_P12_N1_S3_1.JPG,-248,-376,1,988,260,1236,636
ShelfImages/test/C1_P12_N1_S5_1.JPG,-172,-332,1,1080,688,1252,1020
ShelfImages/test/C1_P12_N1_S5_1.JPG,-172,-236,1,1084,236,1256,472
ShelfImages/test/C1_P12_N1_S5_1.JPG,-172,-296,1,1088,1636,1260,1932
ShelfImages/test/C1_P12_N1_S5_1.JPG,-172,-280,1,1092,1196,1264,1476
ShelfImages/test/C1_P12_N1_S5_1.JPG,-188,-296,1,1100,2124,1288,2420
ShelfImages/test/C1_P12_N1_S5_1.JPG,-172,-236,1,208,280,380,516
ShelfImages/test/C1_P12_N1_S5_1.JPG,-188,-296,1,212,2140,400,2436
ShelfImages/test/C1_P12_N1_S5_1.JPG,-172,-252,1,224,732,396,984
ShelfImages/test/C1_P12_N1_S5_1.JPG,-188,-296,1,384,2140,572,2436
ShelfImages/test/C1_P12_N1_S5_1.JPG,-172,-236,1,396,272,568,508
ShelfImages/test/C1_P12_N1_S5_1.JPG,-172,-252,1,396,748,568,1000
ShelfImages/test/C1_P12_N1_S5_1.JPG,-172,-280,1,400,1668,572,1948
ShelfImages/test/C1_P12_N1_S5_1.JPG,-172,-280,1,408,1196,580,1476
ShelfImages/test/C1_P12_N1_S5_1.JPG,-172,-296,1,48,2108,220,2404
ShelfImages/test/C1_P12_N1_S5_1.JPG,-172,-236,1,52,276,224,512
ShelfImages/test/C1_P12_N1_S5_1.JPG,-172,-236,1,552,268,724,504
ShelfImages/test/C1_P12_N1_S5_1.JPG,-188,-296,1,556,2136,744,2432
ShelfImages/test/C1_P12_N1_S5_1.JPG,-172,-280,1,564,1664,736,1944
ShelfImages/test/C1_P12_N1_S5_1.JPG,-172,-252,1,572,728,744,980
ShelfImages/test/C1_P12_N1_S5_1.JPG,-172,-280,1,576,1200,748,1480
ShelfImages/test/C1_P12_N1_S5_1.JPG,-172,-236,1,60,732,232,968
ShelfImages/test/C1_P12_N1_S5_1.JPG,-172,-332,1,72,1156,244,1488
ShelfImages/test/C1_P12_N1_S5_1.JPG,-172,-280,1,732,1192,904,1472
ShelfImages/test/C1_P12_N1_S5_1.JPG,-172,-236,1,732,264,904,500
ShelfImages/test/C1_P12_N1_S5_1.JPG,-172,-252,1,736,728,908,980
ShelfImages/test/C1_P12_N1_S5_1.JPG,-188,-296,1,740,2144,928,2440
ShelfImages/test/C1_P12_N1_S5_1.JPG,-172,-280,1,760,1672,932,1952
ShelfImages/test/C1_P12_N1_S5_1.JPG,-172,-236,1,904,248,1076,484
ShelfImages/test/C1_P12_N1_S5_1.JPG,-172,-280,1,928,1676,1100,1956
ShelfImages/test/C1_P12_N1_S5_1.JPG,-188,-296,1,928,2128,1116,2424
ShelfImages/test/C1_P12_N1_S5_1.JPG,-172,-280,1,932,1192,1104,1472
ShelfImages/test/C1_P12_N1_S5_1.JPG,-172,-252,1,932,740,1104,992
ShelfImages/test/C1_P12_N1_S5_1.JPG,-172,-280,5,240,1672,412,1952
ShelfImages/test/C1_P12_N1_S5_1.JPG,-172,-280,5,68,1676,240,1956
ShelfImages/test/C1_P12_N2_S3_1.JPG,-256,-404,1,1180,1868,1436,2272
ShelfImages/test/C1_P12_N2_S3_1.JPG,-256,-404,1,1184,1148,1440,1552
ShelfImages/test/C1_P12_N2_S3_1.JPG,-256,-396,1,1192,428,1448,824
ShelfImages/test/C1_P12_N2_S3_1.JPG,-256,-404,1,1456,1144,1712,1548
ShelfImages/test/C1_P12_N2_S3_1.JPG,-256,-404,1,1468,1872,1724,2276
ShelfImages/test/C1_P12_N2_S3_1.JPG,-256,-396,1,1468,424,1724,820
ShelfImages/test/C1_P12_N2_S3_1.JPG,-244,-440,1,156,1080,400,1520
ShelfImages/test/C1_P12_N2_S3_1.JPG,-256,-376,1,168,436,424,812
ShelfImages/test/C1_P12_N2_S3_1.JPG,-256,-404,1,1728,1160,1984,1564
ShelfImages/test/C1_P12_N2_S3_1.JPG,-244,-440,1,1740,372,1984,812
ShelfImages/test/C1_P12_N2_S3_1.JPG,-256,-376,1,396,444,652,820
ShelfImages/test/C1_P12_N2_S3_1.JPG,-256,-404,1,648,1860,904,2264
ShelfImages/test/C1_P12_N2_S3_1.JPG,-256,-404,1,672,1140,928,1544
ShelfImages/test/C1_P12_N2_S3_1.JPG,-256,-396,1,672,432,928,828
ShelfImages/test/C1_P12_N2_S3_1.JPG,-256,-396,1,924,428,1180,824
ShelfImages/test/C1_P12_N2_S3_1.JPG,-256,-404,1,928,1856,1184,2260
ShelfImages/test/C1_P12_N2_S3_1.JPG,-256,-404,1,932,1144,1188,1548
ShelfImages/test/C1_P12_N2_S3_1.JPG,-256,-404,5,144,1852,400,2256
ShelfImages/test/C1_P12_N2_S3_1.JPG,-224,-456,5,1704,1836,1928,2292
ShelfImages/test/C1_P12_N2_S3_1.JPG,-256,-404,5,408,1844,664,2248
ShelfImages/test/C2_P01_N1_S4_1.JPG,-120,-164,1,1048,996,1168,1160
ShelfImages/test/C2_P01_N1_S4_1.JPG,-120,-176,1,1052,180,1172,356
ShelfImages/test/C2_P01_N1_S4_1.JPG,-120,-168,1,1064,1388,1184,1556
ShelfImages/test/C2_P01_N1_S4_1.JPG,-120,-160,1,1092,584,1212,744
ShelfImages/test/C2_P01_N1_S4_1.JPG,-120,-164,1,1152,992,1272,1156
ShelfImages/test/C2_P01_N1_S4_1.JPG,-120,-176,1,1156,172,1276,348
ShelfImages/test/C2_P01_N1_S4_1.JPG,-120,-176,1,116,148,236,324
ShelfImages/test/C2_P01_N1_S4_1.JPG,-120,-180,1,1188,1372,1308,1552
ShelfImages/test/C2_P01_N1_S4_1.JPG,-120,-160,1,1208,592,1328,752
ShelfImages/test/C2_P01_N1_S4_1.JPG,-120,-164,1,120,992,240,1156
ShelfImages/test/C2_P01_N1_S4_1.JPG,-120,-164,1,1256,1004,1376,1168
ShelfImages/test/C2_P01_N1_S4_1.JPG,-120,-176,1,1264,176,1384,352
ShelfImages/test/C2_P01_N1_S4_1.JPG,-120,-180,1,1288,1376,1408,1556
ShelfImages/test/C2_P01_N1_S4_1.JPG,-120,-200,1,12,952,132,1152
ShelfImages/test/C2_P01_N1_S4_1.JPG,-120,-160,1,1300,600,1420,760
ShelfImages/test/C2_P01_N1_S4_1.JPG,-120,-164,1,1360,996,1480,1160
ShelfImages/test/C2_P01_N1_S4_1.JPG,-120,-176,1,1388,180,1508,356
ShelfImages/test/C2_P01_N1_S4_1.JPG,-120,-180,1,1400,1380,1520,1560
ShelfImages/test/C2_P01_N1_S4_1.JPG,-120,-168,1,1420,584,1540,752
ShelfImages/test/C2_P01_N1_S4_1.JPG,-120,-180,1,1484,968,1604,1148
ShelfImages/test/C2_P01_N1_S4_1.JPG,-120,-168,1,1528,600,1648,768
ShelfImages/test/C2_P01_N1_S4_1.JPG,-120,-180,1,1616,1364,1736,1544
ShelfImages/test/C2_P01_N1_S4_1.JPG,-120,-168,1,1628,600,1748,768
ShelfImages/test/C2_P01_N1_S4_1.JPG,-120,-160,1,172,572,292,732
ShelfImages/test/C2_P01_N1_S4_1.JPG,-120,-164,1,228,984,348,1148
ShelfImages/test/C2_P01_N1_S4_1.JPG,-120,-176,1,232,152,352,328
ShelfImages/test/C2_P01_N1_S4_1.JPG,-120,-160,1,296,576,416,736
ShelfImages/test/C2_P01_N1_S4_1.JPG,-120,-164,1,348,984,468,1148
ShelfImages/test/C2_P01_N1_S4_1.JPG,-120,-176,1,356,152,476,328
ShelfImages/test/C2_P01_N1_S4_1.JPG,-120,-160,1,404,580,524,740
ShelfImages/test/C2_P01_N1_S4_1.JPG,-120,-164,1,464,992,584,1156
ShelfImages/test/C2_P01_N1_S4_1.JPG,-120,-176,1,468,160,588,336
ShelfImages/test/C2_P01_N1_S4_1.JPG,-120,-160,1,48,572,168,732
ShelfImages/test/C2_P01_N1_S4_1.JPG,-120,-160,1,516,592,636,752
ShelfImages/test/C2_P01_N1_S4_1.JPG,-120,-176,1,588,160,708,336
ShelfImages/test/C2_P01_N1_S4_1.JPG,-120,-164,1,592,992,712,1156
ShelfImages/test/C2_P01_N1_S4_1.JPG,-120,-160,1,624,592,744,752
ShelfImages/test/C2_P01_N1_S4_1.JPG,-120,-176,1,700,172,820,348
ShelfImages/test/C2_P01_N1_S4_1.JPG,-120,-164,1,708,1000,828,1164
ShelfImages/test/C2_P01_N1_S4_1.JPG,-120,-168,1,740,1392,860,1560
ShelfImages/test/C2_P01_N1_S4_1.JPG,-120,-160,1,748,588,868,748
ShelfImages/test/C2_P01_N1_S4_1.JPG,-120,-176,1,812,168,932,344
ShelfImages/test/C2_P01_N1_S4_1.JPG,-120,-164,1,820,984,940,1148
ShelfImages/test/C2_P01_N1_S4_1.JPG,-120,-160,1,868,592,988,752
ShelfImages/test/C2_P01_N1_S4_1.JPG,-124,-172,1,8,148,132,320
ShelfImages/test/C2_P01_N1_S4_1.JPG,-120,-164,1,924,988,1044,1152
ShelfImages/test/C2_P01_N1_S4_1.JPG,-120,-176,1,928,168,1048,344
ShelfImages/test/C2_P01_N1_S4_1.JPG,-120,-168,1,956,1384,1076,1552
ShelfImages/test/C2_P01_N1_S4_1.JPG,-120,-160,1,976,596,1096,756
ShelfImages/test/C2_P01_N1_S4_1.JPG,-120,-180,8,1508,1360,1628,1540
ShelfImages/test/C2_P01_N1_S4_1.JPG,-120,-180,8,1588,968,1708,1148
ShelfImages/test/C2_P01_N1_S4_1.JPG,-120,-168,8,184,1388,304,1556
ShelfImages/test/C2_P01_N1_S4_1.JPG,-120,-168,8,312,1400,432,1568
ShelfImages/test/C2_P01_N1_S4_1.JPG,-120,-168,8,408,1388,528,1556
ShelfImages/test/C2_P01_N1_S4_1.JPG,-120,-168,8,512,1388,632,1556
ShelfImages/test/C2_P01_N1_S4_1.JPG,-120,-180,8,60,1376,180,1556
ShelfImages/test/C2_P01_N1_S4_1.JPG,-120,-168,8,624,1396,744,1564
ShelfImages/test/C2_P01_N1_S4_1.JPG,-120,-168,8,856,1384,976,1552
ShelfImages/test/C2_P01_N2_S2_1.JPG,-180,-236,1,1088,376,1268,612
ShelfImages/test/C2_P01_N2_S2_1.JPG,-172,-244,1,1160,976,1332,1220
ShelfImages/test/C2_P01_N2_S2_1.JPG,-172,-244,1,116,984,288,1228
ShelfImages/test/C2_P01_N2_S2_1.JPG,-180,-236,1,1264,364,1444,600
ShelfImages/test/C2_P01_N2_S2_1.JPG,-172,-244,1,1324,976,1496,1220
ShelfImages/test/C2_P01_N2_S2_1.JPG,-180,-236,1,1400,356,1580,592
ShelfImages/test/C2_P01_N2_S2_1.JPG,-172,-244,1,1500,976,1672,1220
ShelfImages/test/C2_P01_N2_S2_1.JPG,-180,-236,1,1580,360,1760,596
ShelfImages/test/C2_P01_N2_S2_1.JPG,-172,-244,1,1664,980,1836,1224
ShelfImages/test/C2_P01_N2_S2_1.JPG,-180,-236,1,16,356,196,592
ShelfImages/test/C2_P01_N2_S2_1.JPG,-180,-236,1,1748,364,1928,600
ShelfImages/test/C2_P01_N2_S2_1.JPG,-172,-244,1,1840,980,2012,1224
ShelfImages/test/C2_P01_N2_S2_1.JPG,-180,-236,1,1920,364,2100,600
ShelfImages/test/C2_P01_N2_S2_1.JPG,-172,-244,1,2004,984,2176,1228
ShelfImages/test/C2_P01_N2_S2_1.JPG,-180,-236,1,2088,352,2268,588
ShelfImages/test/C2_P01_N2_S2_1.JPG,-180,-236,1,208,348,388,584
ShelfImages/test/C2_P01_N2_S2_1.JPG,-172,-260,1,2208,940,2380,1200
ShelfImages/test/C2_P01_N2_S2_1.JPG,-180,-236,1,2240,368,2420,604
ShelfImages/test/C2_P01_N2_S2_1.JPG,-172,-260,1,2360,944,2532,1204
ShelfImages/test/C2_P01_N2_S2_1.JPG,-180,-236,1,2400,372,2580,608
ShelfImages/test/C2_P01_N2_S2_1.JPG,-172,-244,1,296,984,468,1228
ShelfImages/test/C2_P01_N2_S2_1.JPG,-180,-236,1,380,352,560,588
ShelfImages/test/C2_P01_N2_S2_1.JPG,-172,-244,1,468,984,640,1228
ShelfImages/test/C2_P01_N2_S2_1.JPG,-124,-280,1,4,924,128,1204
ShelfImages/test/C2_P01_N2_S2_1.JPG,-180,-236,1,552,344,732,580
ShelfImages/test/C2_P01_N2_S2_1.JPG,-172,-244,1,656,984,828,1228
ShelfImages/test/C2_P01_N2_S2_1.JPG,-180,-236,1,700,360,880,596
ShelfImages/test/C2_P01_N2_S2_1.JPG,-172,-244,1,820,976,992,1220
ShelfImages/test/C2_P01_N2_S2_1.JPG,-180,-236,1,888,360,1068,596
ShelfImages/test/C2_P01_N2_S2_1.JPG,-172,-244,1,996,972,1168,1216
ShelfImages/test/C2_P01_N3_S3_1.JPG,-160,-220,1,1008,96,1168,316
ShelfImages/test/C2_P01_N3_S3_1.JPG,-152,-200,1,1020,1084,1172,1284
ShelfImages/test/C2_P01_N3_S3_1.JPG,-152,-200,1,1144,1084,1296,1284
ShelfImages/test/C2_P01_N3_S3_1.JPG,-160,-220,1,1160,92,1320,312
ShelfImages/test/C2_P01_N3_S3_1.JPG,-152,-224,1,1208,608,1360,832
ShelfImages/test/C2_P01_N3_S3_1.JPG,-152,-200,1,1292,1088,1444,1288
ShelfImages/test/C2_P01_N3_S3_1.JPG,-160,-220,1,1300,104,1460,324
ShelfImages/test/C2_P01_N3_S3_1.JPG,-152,-224,1,1344,620,1496,844
ShelfImages/test/C2_P01_N3_S3_1.JPG,-160,-220,1,1432,100,1592,320
ShelfImages/test/C2_P01_N3_S3_1.JPG,-152,-224,1,1480,608,1632,832
ShelfImages/test/C2_P01_N3_S3_1.JPG,-160,-220,1,152,72,312,292
ShelfImages/test/C2_P01_N3_S3_1.JPG,-160,-220,1,1576,108,1736,328
ShelfImages/test/C2_P01_N3_S3_1.JPG,-152,-224,1,1620,612,1772,836
ShelfImages/test/C2_P01_N3_S3_1.JPG,-160,-272,1,16,44,176,316
ShelfImages/test/C2_P01_N3_S3_1.JPG,-160,-220,1,1724,104,1884,324
ShelfImages/test/C2_P01_N3_S3_1.JPG,-152,-224,1,1756,608,1908,832
ShelfImages/test/C2_P01_N3_S3_1.JPG,-140,-216,1,1824,1072,1964,1288
ShelfImages/test/C2_P01_N3_S3_1.JPG,-152,-224,1,1876,604,2028,828
ShelfImages/test/C2_P01_N3_S3_1.JPG,-160,-240,1,1884,84,2044,324
ShelfImages/test/C2_P01_N3_S3_1.JPG,-144,-200,1,1948,1100,2092,1300
ShelfImages/test/C2_P01_N3_S3_1.JPG,-152,-252,1,2024,76,2176,328
ShelfImages/test/C2_P01_N3_S3_1.JPG,-152,-224,1,2040,600,2192,824
ShelfImages/test/C2_P01_N3_S3_1.JPG,-152,-224,1,204,1084,356,1308
ShelfImages/test/C2_P01_N3_S3_1.JPG,-152,-224,1,264,600,416,824
ShelfImages/test/C2_P01_N3_S3_1.JPG,-160,-220,1,284,92,444,312
ShelfImages/test/C2_P01_N3_S3_1.JPG,-152,-224,1,340,1100,492,1324
ShelfImages/test/C2_P01_N3_S3_1.JPG,-160,-220,1,444,92,604,312
ShelfImages/test/C2_P01_N3_S3_1.JPG,-152,-224,1,480,1092,632,1316
ShelfImages/test/C2_P01_N3_S3_1.JPG,-160,-220,1,592,92,752,312
ShelfImages/test/C2_P01_N3_S3_1.JPG,-152,-224,1,624,1084,776,1308
ShelfImages/test/C2_P01_N3_S3_1.JPG,-152,-224,1,68,1072,220,1296
ShelfImages/test/C2_P01_N3_S3_1.JPG,-160,-220,1,744,92,904,312
ShelfImages/test/C2_P01_N3_S3_1.JPG,-152,-200,1,748,1104,900,1304
ShelfImages/test/C2_P01_N3_S3_1.JPG,-160,-220,1,876,96,1036,316
ShelfImages/test/C2_P01_N3_S3_1.JPG,-152,-200,1,880,1092,1032,1292
ShelfImages/test/C2_P01_N3_S3_1.JPG,-152,-200,4,1424,1088,1576,1288
ShelfImages/test/C2_P01_N3_S3_1.JPG,-152,-200,4,1556,1100,1708,1300
ShelfImages/test/C2_P01_N3_S3_1.JPG,-152,-200,4,1688,1100,1840,1300
ShelfImages/test/C2_P01_N3_S3_1.JPG,-152,-224,8,100,568,252,792
ShelfImages/test/C2_P01_N3_S3_1.JPG,-152,-224,8,1068,600,1220,824
ShelfImages/test/C2_P01_N3_S3_1.JPG,-152,-224,8,380,592,532,816
ShelfImages/test/C2_P01_N3_S3_1.JPG,-152,-224,8,516,608,668,832
ShelfImages/test/C2_P01_N3_S3_1.JPG,-152,-224,8,660,604,812,828
ShelfImages/test/C2_P01_N3_S3_1.JPG,-152,-224,8,788,608,940,832
ShelfImages/test/C2_P01_N3_S3_1.JPG,-152,-224,8,932,600,1084,824
ShelfImages/test/C2_P02_N1_S3_1.JPG,-224,-368,1,100,1460,324,1828
ShelfImages/test/C2_P02_N1_S3_1.JPG,-212,-312,1,104,880,316,1192
ShelfImages/test/C2_P02_N1_S3_1.JPG,-212,-380,1,1176,296,1388,676
ShelfImages/test/C2_P02_N1_S3_1.JPG,-212,-384,1,1176,836,1388,1220
ShelfImages/test/C2_P02_N1_S3_1.JPG,-212,-380,1,1352,304,1564,684
ShelfImages/test/C2_P02_N1_S3_1.JPG,-212,-300,1,1380,924,1592,1224
ShelfImages/test/C2_P02_N1_S3_1.JPG,-192,-328,1,152,296,344,624
ShelfImages/test/C2_P02_N1_S3_1.JPG,-212,-380,1,1548,304,1760,684
ShelfImages/test/C2_P02_N1_S3_1.JPG,-212,-300,1,1560,924,1772,1224
ShelfImages/test/C2_P02_N1_S3_1.JPG,-212,-336,1,1760,376,1972,712
ShelfImages/test/C2_P02_N1_S3_1.JPG,-212,-336,1,1940,384,2152,720
ShelfImages/test/C2_P02_N1_S3_1.JPG,-180,-332,1,1968,1452,2148,1784
ShelfImages/test/C2_P02_N1_S3_1.JPG,-200,-332,1,2132,1428,2332,1760
ShelfImages/test/C2_P02_N1_S3_1.JPG,-212,-336,1,2132,388,2344,724
ShelfImages/test/C2_P02_N1_S3_1.JPG,-212,-332,1,2144,888,2356,1220
ShelfImages/test/C2_P02_N1_S3_1.JPG,-212,-312,1,2304,412,2516,724
ShelfImages/test/C2_P02_N1_S3_1.JPG,-200,-332,1,2316,1432,2516,1764
ShelfImages/test/C2_P02_N1_S3_1.JPG,-212,-332,1,2332,892,2544,1224
ShelfImages/test/C2_P02_N1_S3_1.JPG,-224,-368,1,308,1444,532,1812
ShelfImages/test/C2_P02_N1_S3_1.JPG,-212,-312,1,348,888,560,1200
ShelfImages/test/C2_P02_N1_S3_1.JPG,-212,-328,1,352,296,564,624
ShelfImages/test/C2_P02_N1_S3_1.JPG,-224,-368,1,540,1456,764,1824
ShelfImages/test/C2_P02_N1_S3_1.JPG,-212,-328,1,560,304,772,632
ShelfImages/test/C2_P02_N1_S3_1.JPG,-212,-328,1,760,320,972,648
ShelfImages/test/C2_P02_N1_S3_1.JPG,-212,-312,1,780,900,992,1212
ShelfImages/test/C2_P02_N1_S3_1.JPG,-212,-384,1,972,832,1184,1216
ShelfImages/test/C2_P02_N1_S3_1.JPG,-212,-380,1,992,304,1204,684
ShelfImages/test/C2_P02_N1_S3_1.JPG,-224,-368,3,1176,1436,1400,1804
ShelfImages/test/C2_P02_N1_S3_1.JPG,-224,-368,3,1368,1436,1592,1804
ShelfImages/test/C2_P02_N1_S3_1.JPG,-224,-368,3,1580,1444,1804,1812
ShelfImages/test/C2_P02_N1_S3_1.JPG,-224,-368,3,1748,1440,1972,1808
ShelfImages/test/C2_P02_N1_S3_1.JPG,-224,-368,3,764,1444,988,1812
ShelfImages/test/C2_P02_N1_S3_1.JPG,-224,-368,3,964,1440,1188,1808
ShelfImages/test/C2_P02_N1_S3_1.JPG,-212,-312,6,560,884,772,1196
ShelfImages/test/C2_P02_N1_S3_1.JPG,-212,-300,9,1760,920,1972,1220
ShelfImages/test/C2_P02_N1_S3_1.JPG,-212,-300,9,1956,928,2168,1228
ShelfImages/test/C2_P02_N1_S4_1.JPG,-160,-248,1,1056,676,1216,924
ShelfImages/test/C2_P02_N1_S4_1.JPG,-168,-260,1,1060,248,1228,508
ShelfImages/test/C2_P02_N1_S4_1.JPG,-168,-260,1,1204,260,1372,520
ShelfImages/test/C2_P02_N1_S4_1.JPG,-160,-248,1,1208,696,1368,944
ShelfImages/test/C2_P02_N1_S4_1.JPG,-168,-252,1,120,188,288,440
ShelfImages/test/C2_P02_N1_S4_1.JPG,-168,-236,1,1340,292,1508,528
ShelfImages/test/C2_P02_N1_S4_1.JPG,-160,-240,1,1464,1524,1624,1764
ShelfImages/test/C2_P02_N1_S4_1.JPG,-168,-236,1,1476,308,1644,544
ShelfImages/test/C2_P02_N1_S4_1.JPG,-156,-252,1,1480,1112,1636,1364
ShelfImages/test/C2_P02_N1_S4_1.JPG,-160,-240,1,1592,1520,1752,1760
ShelfImages/test/C2_P02_N1_S4_1.JPG,-156,-252,1,1620,1112,1776,1364
ShelfImages/test/C2_P02_N1_S4_1.JPG,-144,-236,1,1632,312,1776,548
ShelfImages/test/C2_P02_N1_S4_1.JPG,-144,-256,1,1648,680,1792,936
ShelfImages/test/C2_P02_N1_S4_1.JPG,-160,-240,1,1724,1504,1884,1744
ShelfImages/test/C2_P02_N1_S4_1.JPG,-156,-252,1,1748,1108,1904,1360
ShelfImages/test/C2_P02_N1_S4_1.JPG,-144,-236,1,1764,328,1908,564
ShelfImages/test/C2_P02_N1_S4_1.JPG,-144,-256,1,1784,680,1928,936
ShelfImages/test/C2_P02_N1_S4_1.JPG,-180,-252,1,232,1544,412,1796
ShelfImages/test/C2_P02_N1_S4_1.JPG,-176,-252,1,240,1100,416,1352
ShelfImages/test/C2_P02_N1_S4_1.JPG,-164,-260,1,272,640,436,900
ShelfImages/test/C2_P02_N1_S4_1.JPG,-168,-252,1,284,188,452,440
ShelfImages/test/C2_P02_N1_S4_1.JPG,-180,-252,1,400,1540,580,1792
ShelfImages/test/C2_P02_N1_S4_1.JPG,-176,-252,1,428,1096,604,1348
ShelfImages/test/C2_P02_N1_S4_1.JPG,-168,-252,1,440,204,608,456
ShelfImages/test/C2_P02_N1_S4_1.JPG,-168,-252,1,596,212,764,464
ShelfImages/test/C2_P02_N1_S4_1.JPG,-164,-260,1,596,644,760,904
ShelfImages/test/C2_P02_N1_S4_1.JPG,-180,-252,1,68,1548,248,1800
ShelfImages/test/C2_P02_N1_S4_1.JPG,-164,-292,1,748,632,912,924
ShelfImages/test/C2_P02_N1_S4_1.JPG,-168,-260,1,760,208,928,468
ShelfImages/test/C2_P02_N1_S4_1.JPG,-176,-252,1,84,1084,260,1336
ShelfImages/test/C2_P02_N1_S4_1.JPG,-180,-252,1,860,1536,1040,1788
ShelfImages/test/C2_P02_N1_S4_1.JPG,-168,-260,1,904,220,1072,480
ShelfImages/test/C2_P02_N1_S4_1.JPG,-164,-292,1,904,628,1068,920
ShelfImages/test/C2_P02_N1_S4_1.JPG,-164,-260,1,96,632,260,892
ShelfImages/test/C2_P02_N1_S4_1.JPG,-180,-252,3,1024,1528,1204,1780
ShelfImages/test/C2_P02_N1_S4_1.JPG,-156,-252,3,1056,1104,1212,1356
ShelfImages/test/C2_P02_N1_S4_1.JPG,-180,-240,3,1168,1528,1348,1768
ShelfImages/test/C2_P02_N1_S4_1.JPG,-156,-252,3,1208,1104,1364,1356
ShelfImages/test/C2_P02_N1_S4_1.JPG,-180,-240,3,1304,1524,1484,1764
ShelfImages/test/C2_P02_N1_S4_1.JPG,-156,-252,3,1344,1108,1500,1360
ShelfImages/test/C2_P02_N1_S4_1.JPG,-180,-252,3,556,1536,736,1788
ShelfImages/test/C2_P02_N1_S4_1.JPG,-176,-252,3,588,1092,764,1344
ShelfImages/test/C2_P02_N1_S4_1.JPG,-180,-252,3,716,1536,896,1788
ShelfImages/test/C2_P02_N1_S4_1.JPG,-176,-252,3,736,1100,912,1352
ShelfImages/test/C2_P02_N1_S4_1.JPG,-176,-252,3,896,1104,1072,1356
ShelfImages/test/C2_P02_N1_S4_1.JPG,-164,-260,6,432,644,596,904
ShelfImages/test/C2_P02_N1_S4_1.JPG,-160,-248,9,1356,700,1516,948
ShelfImages/test/C2_P02_N1_S4_1.JPG,-160,-248,9,1492,704,1652,952
ShelfImages/test/C2_P03_N2_S3_1.JPG,-232,-392,1,1096,1400,1328,1792
ShelfImages/test/C2_P03_N2_S3_1.JPG,-248,-396,1,1144,164,1392,560
ShelfImages/test/C2_P03_N2_S3_1.JPG,-232,-392,1,1172,800,1404,1192
ShelfImages/test/C2_P03_N2_S3_1.JPG,-232,-424,1,1328,1344,1560,1768
ShelfImages/test/C2_P03_N2_S3_1.JPG,-208,-424,1,1368,152,1576,576
ShelfImages/test/C2_P03_N2_S3_1.JPG,-232,-392,1,1432,788,1664,1180
ShelfImages/test/C2_P03_N2_S3_1.JPG,-236,-364,1,1548,1396,1784,1760
ShelfImages/test/C2_P03_N2_S3_1.JPG,-208,-424,1,1568,148,1776,572
ShelfImages/test/C2_P03_N2_S3_1.JPG,-232,-392,1,1684,800,1916,1192
ShelfImages/test/C2_P03_N2_S3_1.JPG,-236,-364,1,1760,1400,1996,1764
ShelfImages/test/C2_P03_N2_S3_1.JPG,-208,-424,1,1764,160,1972,584
ShelfImages/test/C2_P03_N2_S3_1.JPG,-232,-392,1,1932,796,2164,1188
ShelfImages/test/C2_P03_N2_S3_1.JPG,-208,-424,1,1948,148,2156,572
ShelfImages/test/C2_P03_N2_S3_1.JPG,-176,-420,1,1984,1300,2160,1720
ShelfImages/test/C2_P03_N2_S3_1.JPG,-248,-396,1,404,152,652,548
ShelfImages/test/C2_P03_N2_S3_1.JPG,-232,-392,1,408,1384,640,1776
ShelfImages/test/C2_P03_N2_S3_1.JPG,-232,-392,1,416,808,648,1200
ShelfImages/test/C2_P03_N2_S3_1.JPG,-248,-396,1,636,156,884,552
ShelfImages/test/C2_P03_N2_S3_1.JPG,-232,-392,1,644,796,876,1188
ShelfImages/test/C2_P03_N2_S3_1.JPG,-232,-392,1,652,1396,884,1788
ShelfImages/test/C2_P03_N2_S3_1.JPG,-232,-392,1,872,1396,1104,1788
ShelfImages/test/C2_P03_N2_S3_1.JPG,-248,-396,1,892,160,1140,556
ShelfImages/test/C2_P03_N2_S3_1.JPG,-232,-392,1,904,788,1136,1180
ShelfImages/test/C2_P04_N3_S2_1.JPG,-168,-260,1,1012,700,1180,960
ShelfImages/test/C2_P04_N3_S2_1.JPG,-168,-260,1,1172,704,1340,964
ShelfImages/test/C2_P04_N3_S2_1.JPG,-172,-312,1,1192,184,1364,496
ShelfImages/test/C2_P04_N3_S2_1.JPG,-168,-260,1,1332,708,1500,968
ShelfImages/test/C2_P04_N3_S2_1.JPG,-188,-276,1,1364,232,1552,508
ShelfImages/test/C2_P04_N3_S2_1.JPG,-168,-260,1,1500,716,1668,976
ShelfImages/test/C2_P04_N3_S2_1.JPG,-188,-276,1,1540,232,1728,508
ShelfImages/test/C2_P04_N3_S2_1.JPG,-188,-276,1,1716,236,1904,512
ShelfImages/test/C2_P04_N3_S2_1.JPG,-188,-276,1,1880,240,2068,516
ShelfImages/test/C2_P04_N3_S2_1.JPG,-148,-272,1,188,204,336,476
ShelfImages/test/C2_P04_N3_S2_1.JPG,-168,-260,1,1976,728,2144,988
ShelfImages/test/C2_P04_N3_S2_1.JPG,-188,-276,1,2052,244,2240,520
ShelfImages/test/C2_P04_N3_S2_1.JPG,-188,-276,1,2240,244,2428,520
ShelfImages/test/C2_P04_N3_S2_1.JPG,-172,-272,1,340,200,512,472
ShelfImages/test/C2_P04_N3_S2_1.JPG,-172,-272,1,512,212,684,484
ShelfImages/test/C2_P04_N3_S2_1.JPG,-172,-272,2,1036,220,1208,492
ShelfImages/test/C2_P04_N3_S2_1.JPG,-140,-256,2,36,204,176,460
ShelfImages/test/C2_P04_N3_S2_1.JPG,-172,-272,2,684,204,856,476
ShelfImages/test/C2_P04_N3_S2_1.JPG,-172,-272,2,856,216,1028,488
ShelfImages/test/C2_P04_N3_S2_1.JPG,-180,-260,5,1660,720,1840,980
ShelfImages/test/C2_P04_N3_S2_1.JPG,-180,-260,5,1816,724,1996,984
ShelfImages/test/C2_P04_N3_S2_1.JPG,-168,-260,5,2136,720,2304,980
ShelfImages/test/C2_P04_N3_S2_1.JPG,-164,-276,5,216,644,380,920
ShelfImages/test/C2_P04_N3_S2_1.JPG,-168,-260,5,364,684,532,944
ShelfImages/test/C2_P04_N3_S2_1.JPG,-180,-276,5,52,644,232,920
ShelfImages/test/C2_P04_N3_S2_1.JPG,-168,-260,5,536,696,704,956
ShelfImages/test/C2_P04_N3_S2_1.JPG,-168,-260,5,700,688,868,948
ShelfImages/test/C2_P04_N3_S2_1.JPG,-168,-260,5,856,700,1024,960
ShelfImages/test/C2_P05_N3_S3_1.JPG,-208,-304,1,100,676,308,980
ShelfImages/test/C2_P05_N3_S3_1.JPG,-208,-324,1,1088,664,1296,988
ShelfImages/test/C2_P05_N3_S3_1.JPG,-204,-304,1,1244,1200,1448,1504
ShelfImages/test/C2_P05_N3_S3_1.JPG,-176,-288,1,1308,708,1484,996
ShelfImages/test/C2_P05_N3_S3_1.JPG,-204,-304,1,1432,1216,1636,1520
ShelfImages/test/C2_P05_N3_S3_1.JPG,-176,-288,1,1472,708,1648,996
ShelfImages/test/C2_P05_N3_S3_1.JPG,-204,-304,1,1592,1256,1796,1560
ShelfImages/test/C2_P05_N3_S3_1.JPG,-204,-336,1,1652,668,1856,1004
ShelfImages/test/C2_P05_N3_S3_1.JPG,-204,-304,1,1784,1232,1988,1536
ShelfImages/test/C2_P05_N3_S3_1.JPG,-204,-336,1,1840,680,2044,1016
ShelfImages/test/C2_P05_N3_S3_1.JPG,-208,-304,1,1912,116,2120,420
ShelfImages/test/C2_P05_N3_S3_1.JPG,-204,-304,1,1956,1232,2160,1536
ShelfImages/test/C2_P05_N3_S3_1.JPG,-196,-284,1,2032,740,2228,1024
ShelfImages/test/C2_P05_N3_S3_1.JPG,-208,-304,1,2116,116,2324,420
ShelfImages/test/C2_P05_N3_S3_1.JPG,-204,-304,1,2148,1232,2352,1536
ShelfImages/test/C2_P05_N3_S3_1.JPG,-196,-284,1,2212,732,2408,1016
ShelfImages/test/C2_P05_N3_S3_1.JPG,-208,-304,1,2320,120,2528,424
ShelfImages/test/C2_P05_N3_S3_1.JPG,-208,-304,1,252,48,460,352
ShelfImages/test/C2_P05_N3_S3_1.JPG,-208,-304,1,292,672,500,976
ShelfImages/test/C2_P05_N3_S3_1.JPG,-196,-284,1,344,1244,540,1528
ShelfImages/test/C2_P05_N3_S3_1.JPG,-208,-304,1,36,52,244,356
ShelfImages/test/C2_P05_N3_S3_1.JPG,-208,-304,1,464,68,672,372
ShelfImages/test/C2_P05_N3_S3_1.JPG,-208,-348,1,492,632,700,980
ShelfImages/test/C2_P05_N3_S3_1.JPG,-204,-304,1,504,1212,708,1516
ShelfImages/test/C2_P05_N3_S3_1.JPG,-208,-284,1,700,688,908,972
ShelfImages/test/C2_P05_N3_S3_1.JPG,-204,-304,1,708,1196,912,1500
ShelfImages/test/C2_P05_N3_S3_1.JPG,-208,-284,1,892,708,1100,992
ShelfImages/test/C2_P05_N3_S3_1.JPG,-204,-304,1,904,1208,1108,1512
ShelfImages/test/C2_P05_N3_S3_1.JPG,-208,-304,3,1108,72,1316,376
ShelfImages/test/C2_P05_N3_S3_1.JPG,-208,-304,3,1312,88,1520,392
ShelfImages/test/C2_P05_N3_S3_1.JPG,-208,-304,3,1500,104,1708,408
ShelfImages/test/C2_P05_N3_S3_1.JPG,-208,-304,3,1720,104,1928,408
ShelfImages/test/C2_P05_N3_S3_1.JPG,-208,-304,3,688,64,896,368
ShelfImages/test/C2_P05_N3_S3_1.JPG,-208,-304,3,904,60,1112,364
ShelfImages/test/C2_P05_N3_S3_1.JPG,-204,-304,10,1084,1220,1288,1524
ShelfImages/test/C2_P07_N1_S6_1.JPG,-108,-180,1,108,380,216,560
ShelfImages/test/C2_P07_N1_S6_1.JPG,-100,-208,1,116,92,216,300
ShelfImages/test/C2_P07_N1_S6_1.JPG,-108,-140,1,132,684,240,824
ShelfImages/test/C2_P07_N1_S6_1.JPG,-100,-148,1,140,952,240,1100
ShelfImages/test/C2_P07_N1_S6_1.JPG,-100,-148,1,160,1192,260,1340
ShelfImages/test/C2_P07_N1_S6_1.JPG,-100,-172,1,164,1428,264,1600
ShelfImages/test/C2_P07_N1_S6_1.JPG,-108,-172,1,16,384,124,556
ShelfImages/test/C2_P07_N1_S6_1.JPG,-88,-200,1,20,80,108,280
ShelfImages/test/C2_P07_N1_S6_1.JPG,-108,-208,1,212,112,320,320
ShelfImages/test/C2_P07_N1_S6_1.JPG,-108,-180,1,216,384,324,564
ShelfImages/test/C2_P07_N1_S6_1.JPG,-108,-140,1,240,684,348,824
ShelfImages/test/C2_P07_N1_S6_1.JPG,-100,-148,1,240,948,340,1096
ShelfImages/test/C2_P07_N1_S6_1.JPG,-100,-148,1,252,1208,352,1356
ShelfImages/test/C2_P07_N1_S6_1.JPG,-100,-172,1,264,1424,364,1596
ShelfImages/test/C2_P07_N1_S6_1.JPG,-108,-188,1,320,384,428,572
ShelfImages/test/C2_P07_N1_S6_1.JPG,-108,-140,1,336,684,444,824
ShelfImages/test/C2_P07_N1_S6_1.JPG,-100,-148,1,344,956,444,1104
ShelfImages/test/C2_P07_N1_S6_1.JPG,-100,-148,1,348,1208,448,1356
ShelfImages/test/C2_P07_N1_S6_1.JPG,-100,-172,1,360,1428,460,1600
ShelfImages/test/C2_P07_N1_S6_1.JPG,-108,-156,1,40,668,148,824
ShelfImages/test/C2_P07_N1_S6_1.JPG,-108,-140,1,436,692,544,832
ShelfImages/test/C2_P07_N1_S6_1.JPG,-100,-148,1,440,956,540,1104
ShelfImages/test/C2_P07_N1_S6_1.JPG,-100,-140,1,44,960,144,1100
ShelfImages/test/C2_P07_N1_S6_1.JPG,-100,-172,1,456,1432,556,1604
ShelfImages/test/C2_P07_N1_S6_1.JPG,-100,-148,1,460,1200,560,1348
ShelfImages/test/C2_P07_N1_S6_1.JPG,-108,-140,1,536,696,644,836
ShelfImages/test/C2_P07_N1_S6_1.JPG,-100,-148,1,536,952,636,1100
ShelfImages/test/C2_P07_N1_S6_1.JPG,-100,-148,1,552,1452,652,1600
ShelfImages/test/C2_P07_N1_S6_1.JPG,-100,-148,1,556,1204,656,1352
ShelfImages/test/C2_P07_N1_S6_1.JPG,-100,-148,1,628,952,728,1100
ShelfImages/test/C2_P07_N1_S6_1.JPG,-100,-148,1,632,1452,732,1600
ShelfImages/test/C2_P07_N1_S6_1.JPG,-100,-148,1,640,1192,740,1340
ShelfImages/test/C2_P07_N1_S6_1.JPG,-108,-140,1,640,692,748,832
ShelfImages/test/C2_P07_N1_S6_1.JPG,-100,-148,1,72,1188,172,1336
ShelfImages/test/C2_P07_N1_S6_1.JPG,-100,-148,1,732,1448,832,1596
ShelfImages/test/C2_P07_N1_S6_1.JPG,-100,-148,1,736,964,836,1112
ShelfImages/test/C2_P07_N1_S6_1.JPG,-92,-140,1,748,696,840,836
ShelfImages/test/C2_P07_N1_S6_1.JPG,-100,-148,1,752,1192,852,1340
ShelfImages/test/C2_P07_N1_S6_1.JPG,-100,-172,1,80,1428,180,1600
ShelfImages/test/C2_P07_N1_S6_1.JPG,-100,-148,1,816,1448,916,1596
ShelfImages/test/C2_P07_N1_S6_1.JPG,-100,-140,1,832,696,932,836
ShelfImages/test/C2_P07_N1_S6_1.JPG,-100,-148,1,832,964,932,1112
ShelfImages/test/C2_P07_N1_S6_1.JPG,-108,-160,1,836,128,944,288
ShelfImages/test/C2_P07_N1_S6_1.JPG,-100,-148,1,844,1192,944,1340
ShelfImages/test/C2_P07_N1_S6_1.JPG,-108,-208,2,304,112,412,320
ShelfImages/test/C2_P07_N1_S6_1.JPG,-108,-172,2,416,116,524,288
ShelfImages/test/C2_P07_N1_S6_1.JPG,-108,-172,2,520,116,628,288
ShelfImages/test/C2_P07_N1_S6_1.JPG,-108,-172,2,640,116,748,288
ShelfImages/test/C2_P07_N1_S6_1.JPG,-108,-160,2,740,128,848,288
ShelfImages/test/C2_P07_N1_S6_1.JPG,-108,-188,5,424,404,532,592
ShelfImages/test/C2_P07_N1_S6_1.JPG,-108,-176,5,532,416,640,592
ShelfImages/test/C2_P07_N1_S6_1.JPG,-108,-176,5,632,408,740,584
ShelfImages/test/C2_P07_N1_S6_1.JPG,-108,-156,5,732,428,840,584
ShelfImages/test/C2_P07_N1_S6_1.JPG,-108,-156,5,832,424,940,580
ShelfImages/test/C2_P07_N2_S2_1.JPG,-244,-388,1,1216,1012,1460,1400
ShelfImages/test/C2_P07_N2_S2_1.JPG,-244,-388,1,12,992,256,1380
ShelfImages/test/C2_P07_N2_S2_1.JPG,-244,-388,1,1452,1020,1696,1408
ShelfImages/test/C2_P07_N2_S2_1.JPG,-244,-388,1,1724,1024,1968,1412
ShelfImages/test/C2_P07_N2_S2_1.JPG,-244,-388,1,1956,1036,2200,1424
ShelfImages/test/C2_P07_N2_S2_1.JPG,-236,-448,1,212,268,448,716
ShelfImages/test/C2_P07_N2_S2_1.JPG,-244,-388,1,244,996,488,1384
ShelfImages/test/C2_P07_N2_S2_1.JPG,-236,-448,1,436,280,672,728
ShelfImages/test/C2_P07_N2_S2_1.JPG,-244,-388,1,468,996,712,1384
ShelfImages/test/C2_P07_N2_S2_1.JPG,-208,-448,1,4,272,212,720
ShelfImages/test/C2_P07_N2_S2_1.JPG,-260,-448,1,688,268,948,716
ShelfImages/test/C2_P07_N2_S2_1.JPG,-244,-388,1,712,1000,956,1388
ShelfImages/test/C2_P07_N2_S2_1.JPG,-244,-388,1,960,1012,1204,1400
ShelfImages/test/C2_P07_N2_S2_1.JPG,-260,-416,5,1196,316,1456,732
ShelfImages/test/C2_P07_N2_S2_1.JPG,-260,-416,5,1448,320,1708,736
ShelfImages/test/C2_P07_N2_S2_1.JPG,-260,-416,5,1700,324,1960,740
ShelfImages/test/C2_P07_N2_S2_1.JPG,-260,-416,5,1972,324,2232,740
ShelfImages/test/C2_P07_N2_S2_1.JPG,-260,-448,5,940,296,1200,744
ShelfImages/test/C2_P08_N3_S3_2.JPG,-180,-296,1,0,200,180,496
ShelfImages/test/C2_P08_N3_S3_2.JPG,-180,-308,1,1136,1180,1316,1488
ShelfImages/test/C2_P08_N3_S3_2.JPG,-180,-280,1,1152,732,1332,1012
ShelfImages/test/C2_P08_N3_S3_2.JPG,-180,-296,1,1160,204,1340,500
ShelfImages/test/C2_P08_N3_S3_2.JPG,-180,-308,1,1320,1172,1500,1480
ShelfImages/test/C2_P08_N3_S3_2.JPG,-180,-280,1,1336,736,1516,1016
ShelfImages/test/C2_P08_N3_S3_2.JPG,-180,-296,1,1356,172,1536,468
ShelfImages/test/C2_P08_N3_S3_2.JPG,-180,-308,1,1492,1172,1672,1480
ShelfImages/test/C2_P08_N3_S3_2.JPG,-180,-280,1,1528,728,1708,1008
ShelfImages/test/C2_P08_N3_S3_2.JPG,-180,-296,1,1536,168,1716,464
ShelfImages/test/C2_P08_N3_S3_2.JPG,-180,-296,1,184,196,364,492
ShelfImages/test/C2_P08_N3_S3_2.JPG,-180,-296,1,212,704,392,1000
ShelfImages/test/C2_P08_N3_S3_2.JPG,-180,-280,1,224,1212,404,1492
ShelfImages/test/C2_P08_N3_S3_2.JPG,-180,-296,1,28,700,208,996
ShelfImages/test/C2_P08_N3_S3_2.JPG,-180,-280,1,32,1208,212,1488
ShelfImages/test/C2_P08_N3_S3_2.JPG,-180,-296,1,368,196,548,492
ShelfImages/test/C2_P08_N3_S3_2.JPG,-180,-296,1,388,712,568,1008
ShelfImages/test/C2_P08_N3_S3_2.JPG,-180,-280,1,400,1212,580,1492
ShelfImages/test/C2_P08_N3_S3_2.JPG,-180,-296,1,576,204,756,500
ShelfImages/test/C2_P08_N3_S3_2.JPG,-180,-280,1,592,1208,772,1488
ShelfImages/test/C2_P08_N3_S3_2.JPG,-172,-328,1,592,684,764,1012
ShelfImages/test/C2_P08_N3_S3_2.JPG,-180,-296,1,760,220,940,516
ShelfImages/test/C2_P08_N3_S3_2.JPG,-180,-280,1,784,1200,964,1480
ShelfImages/test/C2_P08_N3_S3_2.JPG,-172,-328,1,784,680,956,1008
ShelfImages/test/C2_P08_N3_S3_2.JPG,-180,-280,1,960,724,1140,1004
ShelfImages/test/C2_P08_N3_S3_2.JPG,-180,-280,1,964,1212,1144,1492
ShelfImages/test/C2_P08_N3_S3_2.JPG,-180,-296,1,968,212,1148,508
ShelfImages/test/C3_P01_N1_S5_1.JPG,-132,-268,1,1028,2108,1160,2376
ShelfImages/test/C3_P01_N1_S5_1.JPG,-160,-252,1,1032,1772,1192,2024
ShelfImages/test/C3_P01_N1_S5_1.JPG,-180,-256,1,1060,308,1240,564
ShelfImages/test/C3_P01_N1_S5_1.JPG,-160,-252,1,1072,1328,1232,1580
ShelfImages/test/C3_P01_N1_S5_1.JPG,-156,-236,1,112,1316,268,1552
ShelfImages/test/C3_P01_N1_S5_1.JPG,-132,-284,1,1140,812,1272,1096
ShelfImages/test/C3_P01_N1_S5_1.JPG,-144,-268,1,1168,2120,1312,2388
ShelfImages/test/C3_P01_N1_S5_1.JPG,-160,-252,1,1196,1772,1356,2024
ShelfImages/test/C3_P01_N1_S5_1.JPG,-160,-252,1,1236,1320,1396,1572
ShelfImages/test/C3_P01_N1_S5_1.JPG,-180,-256,1,1240,320,1420,576
ShelfImages/test/C3_P01_N1_S5_1.JPG,-160,-252,1,124,1716,284,1968
ShelfImages/test/C3_P01_N1_S5_1.JPG,-132,-284,1,1264,812,1396,1096
ShelfImages/test/C3_P01_N1_S5_1.JPG,-160,-252,1,128,2108,288,2360
ShelfImages/test/C3_P01_N1_S5_1.JPG,-180,-256,1,220,304,400,560
ShelfImages/test/C3_P01_N1_S5_1.JPG,-180,-256,1,232,808,412,1064
ShelfImages/test/C3_P01_N1_S5_1.JPG,-156,-236,1,260,1320,416,1556
ShelfImages/test/C3_P01_N1_S5_1.JPG,-160,-252,1,276,1752,436,2004
ShelfImages/test/C3_P01_N1_S5_1.JPG,-160,-252,1,284,2116,444,2368
ShelfImages/test/C3_P01_N1_S5_1.JPG,-180,-256,1,380,312,560,568
ShelfImages/test/C3_P01_N1_S5_1.JPG,-180,-256,1,392,824,572,1080
ShelfImages/test/C3_P01_N1_S5_1.JPG,-160,-252,1,412,2112,572,2364
ShelfImages/test/C3_P01_N1_S5_1.JPG,-156,-236,1,416,1324,572,1560
ShelfImages/test/C3_P01_N1_S5_1.JPG,-160,-252,1,428,1744,588,1996
ShelfImages/test/C3_P01_N1_S5_1.JPG,-180,-256,1,556,312,736,568
ShelfImages/test/C3_P01_N1_S5_1.JPG,-180,-256,1,564,820,744,1076
ShelfImages/test/C3_P01_N1_S5_1.JPG,-160,-252,1,572,1764,732,2016
ShelfImages/test/C3_P01_N1_S5_1.JPG,-156,-236,1,576,1320,732,1556
ShelfImages/test/C3_P01_N1_S5_1.JPG,-132,-268,1,576,2112,708,2380
ShelfImages/test/C3_P01_N1_S5_1.JPG,-180,-256,1,712,312,892,568
ShelfImages/test/C3_P01_N1_S5_1.JPG,-132,-284,1,724,804,856,1088
ShelfImages/test/C3_P01_N1_S5_1.JPG,-160,-252,1,728,1760,888,2012
ShelfImages/test/C3_P01_N1_S5_1.JPG,-180,-256,1,72,304,252,560
ShelfImages/test/C3_P01_N1_S5_1.JPG,-132,-268,1,736,2112,868,2380
ShelfImages/test/C3_P01_N1_S5_1.JPG,-148,-268,1,756,1300,904,1568
ShelfImages/test/C3_P01_N1_S5_1.JPG,-180,-256,1,76,816,256,1072
ShelfImages/test/C3_P01_N1_S5_1.JPG,-132,-284,1,856,804,988,1088
ShelfImages/test/C3_P01_N1_S5_1.JPG,-160,-252,1,864,1772,1024,2024
ShelfImages/test/C3_P01_N1_S5_1.JPG,-180,-256,1,900,320,1080,576
ShelfImages/test/C3_P01_N1_S5_1.JPG,-160,-252,1,916,1320,1076,1572
ShelfImages/test/C3_P01_N1_S5_1.JPG,-132,-284,1,992,808,1124,1092
ShelfImages/test/C3_P01_N2_S3_2.JPG,-284,-428,1,1028,1208,1312,1636
ShelfImages/test/C3_P01_N2_S3_2.JPG,-284,-436,1,1044,336,1328,772
ShelfImages/test/C3_P01_N2_S3_2.JPG,-240,-376,1,1076,1976,1316,2352
ShelfImages/test/C3_P01_N2_S3_2.JPG,-240,-376,1,1320,1988,1560,2364
ShelfImages/test/C3_P01_N2_S3_2.JPG,-228,-480,1,1332,316,1560,796
ShelfImages/test/C3_P01_N2_S3_2.JPG,-236,-492,1,1348,1152,1584,1644
ShelfImages/test/C3_P01_N2_S3_2.JPG,-228,-480,1,1544,320,1772,800
ShelfImages/test/C3_P01_N2_S3_2.JPG,-240,-376,1,1572,1996,1812,2372
ShelfImages/test/C3_P01_N2_S3_2.JPG,-244,-404,1,1644,1232,1888,1636
ShelfImages/test/C3_P01_N2_S3_2.JPG,-228,-480,1,1772,312,2000,792
ShelfImages/test/C3_P01_N2_S3_2.JPG,-240,-376,1,1844,2008,2084,2384
ShelfImages/test/C3_P01_N2_S3_2.JPG,-244,-404,1,1900,1232,2144,1636
ShelfImages/test/C3_P01_N2_S3_2.JPG,-228,-480,1,2008,316,2236,796
ShelfImages/test/C3_P01_N2_S3_2.JPG,-284,-436,1,204,332,488,768
ShelfImages/test/C3_P01_N2_S3_2.JPG,-240,-376,1,2120,1984,2360,2360
ShelfImages/test/C3_P01_N2_S3_2.JPG,-244,-404,1,2188,1228,2432,1632
ShelfImages/test/C3_P01_N2_S3_2.JPG,-228,-480,1,2236,320,2464,800
ShelfImages/test/C3_P01_N2_S3_2.JPG,-284,-428,1,256,1200,540,1628
ShelfImages/test/C3_P01_N2_S3_2.JPG,-240,-428,1,288,1908,528,2336
ShelfImages/test/C3_P01_N2_S3_2.JPG,-284,-436,1,460,336,744,772
ShelfImages/test/C3_P01_N2_S3_2.JPG,-284,-428,1,512,1204,796,1632
ShelfImages/test/C3_P01_N2_S3_2.JPG,-240,-428,1,544,1932,784,2360
ShelfImages/test/C3_P01_N2_S3_2.JPG,-284,-428,1,764,1204,1048,1632
ShelfImages/test/C3_P01_N2_S3_2.JPG,-284,-436,1,768,332,1052,768
ShelfImages/test/C3_P01_N2_S3_2.JPG,-240,-428,1,812,1912,1052,2340
ShelfImages/test/C3_P02_N1_S2_2.JPG,-292,-368,1,112,456,404,824
ShelfImages/test/C3_P02_N1_S2_2.JPG,-268,-368,1,2568,1264,2836,1632
ShelfImages/test/C3_P02_N1_S2_2.JPG,-252,-352,1,2652,512,2904,864
ShelfImages/test/C3_P02_N1_S2_2.JPG,-268,-368,1,2804,1276,3072,1644
ShelfImages/test/C3_P02_N1_S2_2.JPG,-252,-352,1,2908,508,3160,860
ShelfImages/test/C3_P02_N1_S2_2.JPG,-268,-368,1,3052,1280,3320,1648
ShelfImages/test/C3_P02_N1_S2_2.JPG,-252,-352,1,3172,532,3424,884
ShelfImages/test/C3_P02_N1_S2_2.JPG,-292,-368,1,380,468,672,836
ShelfImages/test/C3_P02_N1_S2_2.JPG,-268,-388,3,1184,1268,1452,1656
ShelfImages/test/C3_P02_N1_S2_2.JPG,-252,-368,3,1248,488,1500,856
ShelfImages/test/C3_P02_N1_S2_2.JPG,-268,-388,3,1432,1280,1700,1668
ShelfImages/test/C3_P02_N1_S2_2.JPG,-252,-368,3,1508,484,1760,852
ShelfImages/test/C3_P02_N1_S2_2.JPG,-268,-388,3,164,1236,432,1624
ShelfImages/test/C3_P02_N1_S2_2.JPG,-252,-368,3,1848,496,2100,864
ShelfImages/test/C3_P02_N1_S2_2.JPG,-268,-368,3,1860,1276,2128,1644
ShelfImages/test/C3_P02_N1_S2_2.JPG,-252,-352,3,2100,512,2352,864
ShelfImages/test/C3_P02_N1_S2_2.JPG,-268,-368,3,2104,1272,2372,1640
ShelfImages/test/C3_P02_N1_S2_2.JPG,-268,-368,3,2324,1272,2592,1640
ShelfImages/test/C3_P02_N1_S2_2.JPG,-252,-352,3,2364,504,2616,856
ShelfImages/test/C3_P02_N1_S2_2.JPG,-268,-388,3,424,1248,692,1636
ShelfImages/test/C3_P02_N1_S2_2.JPG,-292,-368,3,632,476,924,844
ShelfImages/test/C3_P02_N1_S2_2.JPG,-268,-388,3,668,1272,936,1660
ShelfImages/test/C3_P02_N1_S2_2.JPG,-268,-388,3,916,1276,1184,1664
ShelfImages/test/C3_P02_N1_S2_2.JPG,-252,-368,3,968,484,1220,852
ShelfImages/test/C3_P03_N1_S3_1.JPG,-256,-344,1,1436,252,1692,596
ShelfImages/test/C3_P03_N1_S3_1.JPG,-284,-480,1,1632,1884,1916,2364
ShelfImages/test/C3_P03_N1_S3_1.JPG,-288,-424,1,1920,1960,2208,2384
ShelfImages/test/C3_P03_N1_S3_1.JPG,-288,-424,1,2180,1952,2468,2376
ShelfImages/test/C3_P03_N1_S3_1.JPG,-288,-424,1,2460,1952,2748,2376
ShelfImages/test/C3_P03_N1_S3_1.JPG,-288,-424,1,2716,1956,3004,2380
ShelfImages/test/C3_P03_N1_S3_1.JPG,-256,-344,1,2852,308,3108,652
ShelfImages/test/C3_P03_N1_S3_1.JPG,-280,-376,1,3120,1112,3400,1488
ShelfImages/test/C3_P03_N1_S3_1.JPG,-256,-344,1,3208,300,3464,644
ShelfImages/test/C3_P03_N1_S3_1.JPG,-280,-376,1,3364,1116,3644,1492
ShelfImages/test/C3_P03_N1_S3_1.JPG,-256,-344,1,3484,308,3740,652
ShelfImages/test/C3_P03_N1_S3_1.JPG,-264,-480,1,3512,1868,3776,2348
ShelfImages/test/C3_P03_N1_S3_1.JPG,-280,-376,1,3636,1120,3916,1496
ShelfImages/test/C3_P03_N1_S3_1.JPG,-256,-344,1,3720,308,3976,652
ShelfImages/test/C3_P03_N1_S3_1.JPG,-264,-480,1,3776,1864,4040,2344
ShelfImages/test/C3_P03_N1_S3_1.JPG,-280,-416,1,416,1940,696,2356
ShelfImages/test/C3_P03_N1_S3_1.JPG,-280,-416,1,696,1936,976,2352
ShelfImages/test/C3_P03_N1_S3_1.JPG,-280,-376,3,1016,1088,1296,1464
ShelfImages/test/C3_P03_N1_S3_1.JPG,-256,-344,3,1016,248,1272,592
ShelfImages/test/C3_P03_N1_S3_1.JPG,-280,-376,3,1312,1096,1592,1472
ShelfImages/test/C3_P03_N1_S3_1.JPG,-280,-376,3,1592,1092,1872,1468
ShelfImages/test/C3_P03_N1_S3_1.JPG,-256,-344,3,1684,272,1940,616
ShelfImages/test/C3_P03_N1_S3_1.JPG,-280,-376,3,1864,1092,2144,1468
ShelfImages/test/C3_P03_N1_S3_1.JPG,-256,-344,3,1968,272,2224,616
ShelfImages/test/C3_P03_N1_S3_1.JPG,-256,-344,3,2300,300,2556,644
ShelfImages/test/C3_P03_N1_S3_1.JPG,-280,-376,3,2328,1116,2608,1492
ShelfImages/test/C3_P03_N1_S3_1.JPG,-256,-344,3,2552,304,2808,648
ShelfImages/test/C3_P03_N1_S3_1.JPG,-280,-376,3,2604,1116,2884,1492
ShelfImages/test/C3_P03_N1_S3_1.JPG,-280,-376,3,2860,1120,3140,1496
ShelfImages/test/C3_P03_N1_S3_1.JPG,-280,-376,3,408,1084,688,1460
ShelfImages/test/C3_P03_N1_S3_1.JPG,-256,-344,3,456,256,712,600
ShelfImages/test/C3_P03_N1_S3_1.JPG,-256,-344,3,736,260,992,604
ShelfImages/test/C3_P03_N1_S3_1.JPG,-280,-376,3,756,1076,1036,1452
ShelfImages/test/C3_P03_N1_S3_1.JPG,-312,-416,6,1280,1936,1592,2352
ShelfImages/test/C3_P03_N1_S3_1.JPG,-280,-416,6,988,1932,1268,2348
ShelfImages/test/C3_P03_N1_S3_1.JPG,-288,-424,9,2976,1952,3264,2376
ShelfImages/test/C3_P03_N1_S3_1.JPG,-288,-424,9,3244,1940,3532,2364
ShelfImages/test/C3_P03_N2_S4_1.JPG,-176,-312,1,1004,808,1180,1120
ShelfImages/test/C3_P03_N2_S4_1.JPG,-180,-260,1,1180,1464,1360,1724
ShelfImages/test/C3_P03_N2_S4_1.JPG,-176,-280,1,1204,864,1380,1144
ShelfImages/test/C3_P03_N2_S4_1.JPG,-188,-324,1,132,1416,320,1740
ShelfImages/test/C3_P03_N2_S4_1.JPG,-180,-260,1,1372,1468,1552,1728
ShelfImages/test/C3_P03_N2_S4_1.JPG,-184,-300,1,1384,2020,1568,2320
ShelfImages/test/C3_P03_N2_S4_1.JPG,-176,-280,1,1392,868,1568,1148
ShelfImages/test/C3_P03_N2_S4_1.JPG,-176,-260,1,1504,248,1680,508
ShelfImages/test/C3_P03_N2_S4_1.JPG,-184,-300,1,152,2016,336,2316
ShelfImages/test/C3_P03_N2_S4_1.JPG,-180,-260,1,1564,1472,1744,1732
ShelfImages/test/C3_P03_N2_S4_1.JPG,-176,-280,1,1568,860,1744,1140
ShelfImages/test/C3_P03_N2_S4_1.JPG,-176,-260,1,156,844,332,1104
ShelfImages/test/C3_P03_N2_S4_1.JPG,-168,-300,1,1580,2008,1748,2308
ShelfImages/test/C3_P03_N2_S4_1.JPG,-176,-260,1,1696,248,1872,508
ShelfImages/test/C3_P03_N2_S4_1.JPG,-168,-320,1,1756,1424,1924,1744
ShelfImages/test/C3_P03_N2_S4_1.JPG,-168,-300,1,1764,2000,1932,2300
ShelfImages/test/C3_P03_N2_S4_1.JPG,-176,-264,1,1772,872,1948,1136
ShelfImages/test/C3_P03_N2_S4_1.JPG,-176,-260,1,1888,260,2064,520
ShelfImages/test/C3_P03_N2_S4_1.JPG,-168,-256,1,1940,2052,2108,2308
ShelfImages/test/C3_P03_N2_S4_1.JPG,-168,-320,1,1944,1428,2112,1748
ShelfImages/test/C3_P03_N2_S4_1.JPG,-176,-260,1,2076,264,2252,524
ShelfImages/test/C3_P03_N2_S4_1.JPG,-180,-256,1,2116,2052,2296,2308
ShelfImages/test/C3_P03_N2_S4_1.JPG,-168,-288,1,2132,1468,2300,1756
ShelfImages/test/C3_P03_N2_S4_1.JPG,-176,-260,1,2260,264,2436,524
ShelfImages/test/C3_P03_N2_S4_1.JPG,-168,-252,1,2304,1476,2472,1728
ShelfImages/test/C3_P03_N2_S4_1.JPG,-180,-256,1,2308,2052,2488,2308
ShelfImages/test/C3_P03_N2_S4_1.JPG,-176,-308,1,2328,824,2504,1132
ShelfImages/test/C3_P03_N2_S4_1.JPG,-176,-260,1,2448,272,2624,532
ShelfImages/test/C3_P03_N2_S4_1.JPG,-168,-256,1,2488,2048,2656,2304
ShelfImages/test/C3_P03_N2_S4_1.JPG,-184,-300,1,2500,1424,2684,1724
ShelfImages/test/C3_P03_N2_S4_1.JPG,-176,-308,1,2520,828,2696,1136
ShelfImages/test/C3_P03_N2_S4_1.JPG,-184,-300,1,340,2012,524,2312
ShelfImages/test/C3_P03_N2_S4_1.JPG,-208,-256,1,340,228,548,484
ShelfImages/test/C3_P03_N2_S4_1.JPG,-176,-260,1,340,848,516,1108
ShelfImages/test/C3_P03_N2_S4_1.JPG,-192,-288,1,344,1456,536,1744
ShelfImages/test/C3_P03_N2_S4_1.JPG,-184,-316,1,532,1996,716,2312
ShelfImages/test/C3_P03_N2_S4_1.JPG,-192,-260,1,552,1468,744,1728
ShelfImages/test/C3_P03_N2_S4_1.JPG,-184,-316,1,728,2012,912,2328
ShelfImages/test/C3_P03_N2_S4_1.JPG,-192,-260,1,788,1464,980,1724
ShelfImages/test/C3_P03_N2_S4_1.JPG,-176,-272,1,952,224,1128,496
ShelfImages/test/C3_P03_N2_S4_1.JPG,-192,-260,1,984,1464,1176,1724
ShelfImages/test/C3_P03_N2_S4_1.JPG,-208,-256,3,108,220,316,476
ShelfImages/test/C3_P03_N2_S4_1.JPG,-176,-272,3,1152,236,1328,508
ShelfImages/test/C3_P03_N2_S4_1.JPG,-176,-256,3,544,228,720,484
ShelfImages/test/C3_P03_N2_S4_1.JPG,-176,-272,3,756,228,932,500
ShelfImages/test/C3_P03_N2_S4_1.JPG,-176,-260,6,544,852,720,1112
ShelfImages/test/C3_P03_N2_S4_1.JPG,-176,-260,6,772,852,948,1112
ShelfImages/test/C3_P03_N2_S4_1.JPG,-176,-264,9,1952,872,2128,1136
ShelfImages/test/C3_P03_N2_S4_1.JPG,-176,-264,9,2136,880,2312,1144
ShelfImages/test/C3_P03_N2_S4_1.JPG,-184,-284,10,1192,2040,1376,2324
ShelfImages/test/C3_P03_N2_S4_1.JPG,-184,-284,10,920,2052,1104,2336
ShelfImages/test/C3_P03_N3_S3_1.JPG,-256,-356,1,1228,1040,1484,1396
ShelfImages/test/C3_P03_N3_S3_1.JPG,-256,-444,1,1228,120,1484,564
ShelfImages/test/C3_P03_N3_S3_1.JPG,-244,-356,1,1488,1040,1732,1396
ShelfImages/test/C3_P03_N3_S3_1.JPG,-256,-356,1,1492,204,1748,560
ShelfImages/test/C3_P03_N3_S3_1.JPG,-244,-356,1,1748,1036,1992,1392
ShelfImages/test/C3_P03_N3_S3_1.JPG,-256,-356,1,1748,212,2004,568
ShelfImages/test/C3_P03_N3_S3_1.JPG,-228,-392,1,1796,1788,2024,2180
ShelfImages/test/C3_P03_N3_S3_1.JPG,-244,-356,1,2004,1036,2248,1392
ShelfImages/test/C3_P03_N3_S3_1.JPG,-256,-356,1,2008,208,2264,564
ShelfImages/test/C3_P03_N3_S3_1.JPG,-228,-400,1,2044,1776,2272,2176
ShelfImages/test/C3_P03_N3_S3_1.JPG,-256,-356,1,2260,216,2516,572
ShelfImages/test/C3_P03_N3_S3_1.JPG,-236,-420,1,2260,972,2496,1392
ShelfImages/test/C3_P03_N3_S3_1.JPG,-228,-412,1,2288,1768,2516,2180
ShelfImages/test/C3_P03_N3_S3_1.JPG,-236,-420,1,2516,968,2752,1388
ShelfImages/test/C3_P03_N3_S3_1.JPG,-228,-336,1,2532,1816,2760,2152
ShelfImages/test/C3_P03_N3_S3_1.JPG,-256,-356,1,2764,220,3020,576
ShelfImages/test/C3_P03_N3_S3_1.JPG,-228,-336,1,2768,1816,2996,2152
ShelfImages/test/C3_P03_N3_S3_1.JPG,-208,-372,1,2780,1028,2988,1400
ShelfImages/test/C3_P03_N3_S3_1.JPG,-212,-356,1,3012,1024,3224,1380
ShelfImages/test/C3_P03_N3_S3_1.JPG,-256,-428,1,3012,144,3268,572
ShelfImages/test/C3_P03_N3_S3_1.JPG,-228,-336,1,3016,1812,3244,2148
ShelfImages/test/C3_P03_N3_S3_1.JPG,-272,-360,1,308,188,580,548
ShelfImages/test/C3_P03_N3_S3_1.JPG,-228,-336,1,3248,1796,3476,2132
ShelfImages/test/C3_P03_N3_S3_1.JPG,-236,-408,1,3264,948,3500,1356
ShelfImages/test/C3_P03_N3_S3_1.JPG,-256,-412,1,3268,152,3524,564
ShelfImages/test/C3_P03_N3_S3_1.JPG,-272,-360,1,32,184,304,544
ShelfImages/test/C3_P03_N3_S3_1.JPG,-256,-356,1,348,1048,604,1404
ShelfImages/test/C3_P03_N3_S3_1.JPG,-244,-444,1,364,1788,608,2232
ShelfImages/test/C3_P03_N3_S3_1.JPG,-272,-420,1,48,984,320,1404
ShelfImages/test/C3_P03_N3_S3_1.JPG,-256,-356,1,628,1056,884,1412
ShelfImages/test/C3_P03_N3_S3_1.JPG,-244,-444,1,628,1792,872,2236
ShelfImages/test/C3_P03_N3_S3_1.JPG,-244,-444,1,888,1776,1132,2220
ShelfImages/test/C3_P03_N3_S3_1.JPG,-244,-444,1,92,1808,336,2252
ShelfImages/test/C3_P03_N3_S3_1.JPG,-256,-356,1,964,1032,1220,1388
ShelfImages/test/C3_P03_N3_S3_1.JPG,-272,-360,6,608,200,880,560
ShelfImages/test/C3_P03_N3_S3_1.JPG,-272,-360,6,900,196,1172,556
ShelfImages/test/C3_P03_N3_S3_1.JPG,-256,-356,9,2512,212,2768,568
ShelfImages/test/C3_P03_N3_S3_1.JPG,-248,-384,10,1148,1840,1396,2224
ShelfImages/test/C3_P03_N3_S3_1.JPG,-228,-360,10,1532,1840,1760,2200
ShelfImages/test/C3_P04_N1_S4_1.JPG,-196,-348,1,1192,1728,1388,2076
ShelfImages/test/C3_P04_N1_S4_1.JPG,-228,-388,1,1192,636,1420,1024
ShelfImages/test/C3_P04_N1_S4_1.JPG,-212,-316,1,1196,1252,1408,1568
ShelfImages/test/C3_P04_N1_S4_1.JPG,-196,-276,1,1408,1784,1604,2060
ShelfImages/test/C3_P04_N1_S4_1.JPG,-220,-352,1,1444,100,1664,452
ShelfImages/test/C3_P04_N1_S4_1.JPG,-196,-280,1,1444,1272,1640,1552
ShelfImages/test/C3_P04_N1_S4_1.JPG,-208,-328,1,1444,700,1652,1028
ShelfImages/test/C3_P04_N1_S4_1.JPG,-196,-328,1,1644,1728,1840,2056
ShelfImages/test/C3_P04_N1_S4_1.JPG,-196,-296,1,1656,1256,1852,1552
ShelfImages/test/C3_P04_N1_S4_1.JPG,-212,-308,1,1676,704,1888,1012
ShelfImages/test/C3_P04_N1_S4_1.JPG,-196,-272,1,1864,1776,2060,2048
ShelfImages/test/C3_P04_N1_S4_1.JPG,-196,-296,1,1872,1248,2068,1544
ShelfImages/test/C3_P04_N1_S4_1.JPG,-212,-308,1,1904,708,2116,1016
ShelfImages/test/C3_P04_N1_S4_1.JPG,-236,-328,1,204,672,440,1000
ShelfImages/test/C3_P04_N1_S4_1.JPG,-196,-248,1,2076,1800,2272,2048
ShelfImages/test/C3_P04_N1_S4_1.JPG,-212,-308,1,2132,712,2344,1020
ShelfImages/test/C3_P04_N1_S4_1.JPG,-208,-320,1,2156,148,2364,468
ShelfImages/test/C3_P04_N1_S4_1.JPG,-212,-308,1,252,1248,464,1556
ShelfImages/test/C3_P04_N1_S4_1.JPG,-196,-268,1,260,1828,456,2096
ShelfImages/test/C3_P04_N1_S4_1.JPG,-220,-328,1,460,672,680,1000
ShelfImages/test/C3_P04_N1_S4_1.JPG,-196,-308,1,488,1784,684,2092
ShelfImages/test/C3_P04_N1_S4_1.JPG,-224,-376,1,492,1188,716,1564
ShelfImages/test/C3_P04_N1_S4_1.JPG,-196,-308,1,720,1788,916,2096
ShelfImages/test/C3_P04_N1_S4_1.JPG,-224,-284,1,740,1276,964,1560
ShelfImages/test/C3_P04_N1_S4_1.JPG,-240,-352,1,944,84,1184,436
ShelfImages/test/C3_P04_N1_S4_1.JPG,-196,-348,1,960,1736,1156,2084
ShelfImages/test/C3_P04_N1_S4_1.JPG,-224,-380,1,964,1192,1188,1572
ShelfImages/test/C3_P04_N1_S4_1.JPG,-228,-388,1,964,628,1192,1016
ShelfImages/test/C3_P04_N1_S4_1.JPG,-220,-352,3,1196,92,1416,444
ShelfImages/test/C3_P04_N1_S4_1.JPG,-240,-352,3,164,44,404,396
ShelfImages/test/C3_P04_N1_S4_1.JPG,-208,-352,3,1700,116,1908,468
ShelfImages/test/C3_P04_N1_S4_1.JPG,-208,-320,3,1924,136,2132,456
ShelfImages/test/C3_P04_N1_S4_1.JPG,-240,-352,3,412,60,652,412
ShelfImages/test/C3_P04_N1_S4_1.JPG,-196,-268,6,2100,1276,2296,1544
ShelfImages/test/C3_P04_N1_S4_1.JPG,-228,-336,9,712,684,940,1020
ShelfImages/test/C3_P04_N1_S5_1.JPG,-164,-224,1,1096,1504,1260,1728
ShelfImages/test/C3_P04_N1_S5_1.JPG,-184,-280,1,1100,112,1284,392
ShelfImages/test/C3_P04_N1_S5_1.JPG,-156,-216,1,1100,2044,1256,2260
ShelfImages/test/C3_P04_N1_S5_1.JPG,-172,-252,1,1108,1064,1280,1316
ShelfImages/test/C3_P04_N1_S5_1.JPG,-172,-268,1,1120,600,1292,868
ShelfImages/test/C3_P04_N1_S5_1.JPG,-188,-272,1,116,580,304,852
ShelfImages/test/C3_P04_N1_S5_1.JPG,-172,-252,1,1280,1060,1452,1312
ShelfImages/test/C3_P04_N1_S5_1.JPG,-164,-272,1,1280,1460,1444,1732
ShelfImages/test/C3_P04_N1_S5_1.JPG,-156,-216,1,1292,2040,1448,2256
ShelfImages/test/C3_P04_N1_S5_1.JPG,-184,-280,1,1304,120,1488,400
ShelfImages/test/C3_P04_N1_S5_1.JPG,-172,-256,1,1308,608,1480,864
ShelfImages/test/C3_P04_N1_S5_1.JPG,-164,-240,1,1452,1500,1616,1740
ShelfImages/test/C3_P04_N1_S5_1.JPG,-156,-216,1,1456,2040,1612,2256
ShelfImages/test/C3_P04_N1_S5_1.JPG,-172,-252,1,1472,1064,1644,1316
ShelfImages/test/C3_P04_N1_S5_1.JPG,-172,-256,1,1492,616,1664,872
ShelfImages/test/C3_P04_N1_S5_1.JPG,-172,-264,1,160,1472,332,1736
ShelfImages/test/C3_P04_N1_S5_1.JPG,-148,-228,1,1624,2032,1772,2260
ShelfImages/test/C3_P04_N1_S5_1.JPG,-156,-228,1,1640,1512,1796,1740
ShelfImages/test/C3_P04_N1_S5_1.JPG,-172,-256,1,1676,620,1848,876
ShelfImages/test/C3_P04_N1_S5_1.JPG,-176,-272,1,1692,140,1868,412
ShelfImages/test/C3_P04_N1_S5_1.JPG,-172,-256,1,172,1040,344,1296
ShelfImages/test/C3_P04_N1_S5_1.JPG,-156,-252,1,228,2016,384,2268
ShelfImages/test/C3_P04_N1_S5_1.JPG,-172,-272,1,320,584,492,856
ShelfImages/test/C3_P04_N1_S5_1.JPG,-172,-308,1,352,1000,524,1308
ShelfImages/test/C3_P04_N1_S5_1.JPG,-172,-248,1,352,1484,524,1732
ShelfImages/test/C3_P04_N1_S5_1.JPG,-172,-248,1,540,1488,712,1736
ShelfImages/test/C3_P04_N1_S5_1.JPG,-172,-252,1,552,1064,724,1316
ShelfImages/test/C3_P04_N1_S5_1.JPG,-172,-328,1,724,544,896,872
ShelfImages/test/C3_P04_N1_S5_1.JPG,-172,-308,1,732,1004,904,1312
ShelfImages/test/C3_P04_N1_S5_1.JPG,-172,-288,1,732,1448,904,1736
ShelfImages/test/C3_P04_N1_S5_1.JPG,-172,-252,1,916,1052,1088,1304
ShelfImages/test/C3_P04_N1_S5_1.JPG,-172,-272,1,916,1456,1088,1728
ShelfImages/test/C3_P04_N1_S5_1.JPG,-172,-328,1,920,540,1092,868
ShelfImages/test/C3_P04_N1_S5_1.JPG,-156,-216,1,928,2052,1084,2268
ShelfImages/test/C3_P04_N1_S5_1.JPG,-176,-272,3,1504,132,1680,404
ShelfImages/test/C3_P04_N1_S5_1.JPG,-196,-296,3,276,72,472,368
ShelfImages/test/C3_P04_N1_S5_1.JPG,-184,-280,3,704,96,888,376
ShelfImages/test/C3_P04_N1_S5_1.JPG,-196,-296,3,72,64,268,360
ShelfImages/test/C3_P04_N1_S5_1.JPG,-184,-280,3,896,104,1080,384
ShelfImages/test/C3_P04_N1_S5_1.JPG,-172,-236,6,1660,1076,1832,1312
ShelfImages/test/C3_P04_N1_S5_1.JPG,-172,-272,9,532,596,704,868
ShelfImages/test/C3_P04_N1_S5_1.JPG,-156,-252,10,396,2020,552,2272
ShelfImages/test/C3_P04_N1_S5_1.JPG,-156,-216,10,584,2044,740,2260
ShelfImages/test/C3_P04_N1_S5_1.JPG,-156,-216,10,756,2048,912,2264
ShelfImages/test/C3_P05_N3_S2_1.JPG,-296,-412,1,1196,472,1492,884
ShelfImages/test/C3_P05_N3_S2_1.JPG,-296,-412,1,1464,448,1760,860
ShelfImages/test/C3_P05_N3_S2_1.JPG,-256,-412,1,1800,460,2056,872
ShelfImages/test/C3_P05_N3_S2_1.JPG,-272,-392,1,2052,1196,2324,1588
ShelfImages/test/C3_P05_N3_S2_1.JPG,-256,-412,1,2072,452,2328,864
ShelfImages/test/C3_P05_N3_S2_1.JPG,-272,-392,1,2360,1212,2632,1604
ShelfImages/test/C3_P05_N3_S2_1.JPG,-316,-516,1,2368,352,2684,868
ShelfImages/test/C3_P05_N3_S2_1.JPG,-272,-392,1,2620,1204,2892,1596
ShelfImages/test/C3_P05_N3_S2_1.JPG,-272,-392,1,2884,1208,3156,1600
ShelfImages/test/C3_P05_N3_S2_1.JPG,-260,-488,1,2920,384,3180,872
ShelfImages/test/C3_P05_N3_S2_1.JPG,-272,-392,1,3148,1204,3420,1596
ShelfImages/test/C3_P05_N3_S2_1.JPG,-264,-488,1,3180,380,3444,868
ShelfImages/test/C3_P05_N3_S2_1.JPG,-264,-416,1,3460,444,3724,860
ShelfImages/test/C3_P05_N3_S2_1.JPG,-332,-460,1,3680,1120,4012,1580
ShelfImages/test/C3_P05_N3_S2_1.JPG,-248,-492,1,3752,368,4000,860
ShelfImages/test/C3_P05_N3_S2_1.JPG,-292,-512,1,380,388,672,900
ShelfImages/test/C3_P05_N3_S2_1.JPG,-312,-408,1,640,476,952,884
ShelfImages/test/C3_P05_N3_S2_1.JPG,-272,-396,1,944,480,1216,876
ShelfImages/test/C3_P05_N3_S2_1.JPG,-328,-516,1,96,388,424,904
ShelfImages/test/C3_P05_N3_S2_1.JPG,-272,-380,8,1004,1228,1276,1608
ShelfImages/test/C3_P05_N3_S2_1.JPG,-272,-380,8,1264,1232,1536,1612
ShelfImages/test/C3_P05_N3_S2_1.JPG,-348,-472,8,132,1156,480,1628
ShelfImages/test/C3_P05_N3_S2_1.JPG,-272,-380,8,1544,1224,1816,1604
ShelfImages/test/C3_P05_N3_S2_1.JPG,-272,-380,8,1788,1220,2060,1600
ShelfImages/test/C3_P05_N3_S2_1.JPG,-316,-516,8,2620,360,2936,876
ShelfImages/test/C3_P05_N3_S2_1.JPG,-308,-456,8,3396,1136,3704,1592
ShelfImages/test/C3_P05_N3_S2_1.JPG,-312,-460,8,432,1164,744,1624
ShelfImages/test/C3_P05_N3_S2_1.JPG,-324,-492,8,696,1128,1020,1620
ShelfImages/test/C3_P06_N1_S3_2.JPG,-224,-360,1,1216,448,1440,808
ShelfImages/test/C3_P06_N1_S3_2.JPG,-224,-388,1,1228,1056,1452,1444
ShelfImages/test/C3_P06_N1_S3_2.JPG,-248,-400,1,1236,1700,1484,2100
ShelfImages/test/C3_P06_N1_S3_2.JPG,-224,-360,1,1448,436,1672,796
ShelfImages/test/C3_P06_N1_S3_2.JPG,-224,-388,1,1472,1048,1696,1436
ShelfImages/test/C3_P06_N1_S3_2.JPG,-248,-400,1,1484,1700,1732,2100
ShelfImages/test/C3_P06_N1_S3_2.JPG,-224,-360,1,1696,412,1920,772
ShelfImages/test/C3_P06_N1_S3_2.JPG,-248,-400,1,1728,1708,1976,2108
ShelfImages/test/C3_P06_N1_S3_2.JPG,-188,-420,1,1752,1020,1940,1440
ShelfImages/test/C3_P06_N1_S3_2.JPG,-208,-436,1,1956,1008,2164,1444
ShelfImages/test/C3_P06_N1_S3_2.JPG,-224,-360,1,1956,412,2180,772
ShelfImages/test/C3_P06_N1_S3_2.JPG,-248,-400,1,1988,1700,2236,2100
ShelfImages/test/C3_P06_N1_S3_2.JPG,-224,-360,1,2220,412,2444,772
ShelfImages/test/C3_P06_N1_S3_2.JPG,-220,-436,1,2232,1008,2452,1444
ShelfImages/test/C3_P06_N1_S3_2.JPG,-248,-400,1,2244,1692,2492,2092
ShelfImages/test/C3_P06_N1_S3_2.JPG,-224,-360,1,2464,408,2688,768
ShelfImages/test/C3_P06_N1_S3_2.JPG,-248,-400,1,2520,1716,2768,2116
ShelfImages/test/C3_P06_N1_S3_2.JPG,-180,-432,1,2524,1000,2704,1432
ShelfImages/test/C3_P06_N1_S3_2.JPG,-224,-360,1,2736,396,2960,756
ShelfImages/test/C3_P06_N1_S3_2.JPG,-248,-436,1,2752,1684,3000,2120
ShelfImages/test/C3_P06_N1_S3_2.JPG,-180,-432,1,2796,1000,2976,1432
ShelfImages/test/C3_P06_N1_S3_2.JPG,-228,-336,1,284,492,512,828
ShelfImages/test/C3_P06_N1_S3_2.JPG,-248,-400,1,288,1692,536,2092
ShelfImages/test/C3_P06_N1_S3_2.JPG,-224,-400,1,300,1072,524,1472
ShelfImages/test/C3_P06_N1_S3_2.JPG,-212,-436,1,3012,1680,3224,2116
ShelfImages/test/C3_P06_N1_S3_2.JPG,-244,-360,1,3016,364,3260,724
ShelfImages/test/C3_P06_N1_S3_2.JPG,-200,-432,1,3076,992,3276,1424
ShelfImages/test/C3_P06_N1_S3_2.JPG,-244,-372,1,3292,360,3536,732
ShelfImages/test/C3_P06_N1_S3_2.JPG,-260,-452,1,3312,980,3572,1432
ShelfImages/test/C3_P06_N1_S3_2.JPG,-244,-436,1,3324,1668,3568,2104
ShelfImages/test/C3_P06_N1_S3_2.JPG,-244,-372,1,3576,352,3820,724
ShelfImages/test/C3_P06_N1_S3_2.JPG,-236,-436,1,3588,1676,3824,2112
ShelfImages/test/C3_P06_N1_S3_2.JPG,-212,-452,1,3644,972,3856,1424
ShelfImages/test/C3_P06_N1_S3_2.JPG,-224,-344,1,516,472,740,816
ShelfImages/test/C3_P06_N1_S3_2.JPG,-224,-400,1,520,1064,744,1464
ShelfImages/test/C3_P06_N1_S3_2.JPG,-248,-400,1,520,1696,768,2096
ShelfImages/test/C3_P06_N1_S3_2.JPG,-224,-360,1,732,456,956,816
ShelfImages/test/C3_P06_N1_S3_2.JPG,-248,-400,1,744,1708,992,2108
ShelfImages/test/C3_P06_N1_S3_2.JPG,-224,-372,1,760,1068,984,1440
ShelfImages/test/C3_P06_N1_S3_2.JPG,-224,-360,1,972,452,1196,812
ShelfImages/test/C3_P06_N1_S3_2.JPG,-224,-372,1,980,1068,1204,1440
ShelfImages/test/C3_P06_N1_S3_2.JPG,-248,-400,1,992,1692,1240,2092
ShelfImages/test/C3_P06_N2_S3_2.JPG,-256,-384,1,1000,1688,1256,2072
ShelfImages/test/C3_P06_N2_S3_2.JPG,-236,-420,1,1192,356,1428,776
ShelfImages/test/C3_P06_N2_S3_2.JPG,-248,-416,1,1220,1040,1468,1456
ShelfImages/test/C3_P06_N2_S3_2.JPG,-208,-432,1,1256,1664,1464,2096
ShelfImages/test/C3_P06_N2_S3_2.JPG,-256,-436,1,1460,336,1716,772
ShelfImages/test/C3_P06_N2_S3_2.JPG,-248,-428,1,1468,1036,1716,1464
ShelfImages/test/C3_P06_N2_S3_2.JPG,-232,-432,1,1504,1656,1736,2088
ShelfImages/test/C3_P06_N2_S3_2.JPG,-256,-420,1,1744,1032,2000,1452
ShelfImages/test/C3_P06_N2_S3_2.JPG,-216,-452,1,1748,316,1964,768
ShelfImages/test/C3_P06_N2_S3_2.JPG,-244,-432,1,1828,1672,2072,2104
ShelfImages/test/C3_P06_N2_S3_2.JPG,-224,-464,1,1976,292,2200,756
ShelfImages/test/C3_P06_N2_S3_2.JPG,-256,-420,1,2004,1036,2260,1456
ShelfImages/test/C3_P06_N2_S3_2.JPG,-224,-432,1,2108,1676,2332,2108
ShelfImages/test/C3_P06_N2_S3_2.JPG,-248,-464,1,2260,284,2508,748
ShelfImages/test/C3_P06_N2_S3_2.JPG,-256,-420,1,2272,1032,2528,1452
ShelfImages/test/C3_P06_N2_S3_2.JPG,-224,-432,1,2336,1672,2560,2104
ShelfImages/test/C3_P06_N2_S3_2.JPG,-260,-412,1,248,1056,508,1468
ShelfImages/test/C3_P06_N2_S3_2.JPG,-228,-404,1,248,412,476,816
ShelfImages/test/C3_P06_N2_S3_2.JPG,-248,-464,1,2536,292,2784,756
ShelfImages/test/C3_P06_N2_S3_2.JPG,-256,-420,1,2576,1016,2832,1436
ShelfImages/test/C3_P06_N2_S3_2.JPG,-244,-460,1,2592,1656,2836,2116
ShelfImages/test/C3_P06_N2_S3_2.JPG,-256,-420,1,2824,992,3080,1412
ShelfImages/test/C3_P06_N2_S3_2.JPG,-256,-460,1,2824,992,3080,1452
ShelfImages/test/C3_P06_N2_S3_2.JPG,-248,-464,1,2832,292,3080,756
ShelfImages/test/C3_P06_N2_S3_2.JPG,-200,-460,1,2852,1664,3052,2124
ShelfImages/test/C3_P06_N2_S3_2.JPG,-220,-460,1,3080,980,3300,1440
ShelfImages/test/C3_P06_N2_S3_2.JPG,-220,-404,1,308,1660,528,2064
ShelfImages/test/C3_P06_N2_S3_2.JPG,-200,-460,1,3140,1676,3340,2136
ShelfImages/test/C3_P06_N2_S3_2.JPG,-228,-480,1,3144,264,3372,744
ShelfImages/test/C3_P06_N2_S3_2.JPG,-236,-460,1,3368,1672,3604,2132
ShelfImages/test/C3_P06_N2_S3_2.JPG,-252,-464,1,3400,984,3652,1448
ShelfImages/test/C3_P06_N2_S3_2.JPG,-252,-488,1,3404,244,3656,732
ShelfImages/test/C3_P06_N2_S3_2.JPG,-252,-480,1,3660,976,3912,1456
ShelfImages/test/C3_P06_N2_S3_2.JPG,-236,-460,1,3668,1668,3904,2128
ShelfImages/test/C3_P06_N2_S3_2.JPG,-236,-452,1,3716,264,3952,716
ShelfImages/test/C3_P06_N2_S3_2.JPG,-224,-408,1,484,392,708,800
ShelfImages/test/C3_P06_N2_S3_2.JPG,-236,-392,1,508,1060,744,1452
ShelfImages/test/C3_P06_N2_S3_2.JPG,-244,-384,1,516,1684,760,2068
ShelfImages/test/C3_P06_N2_S3_2.JPG,-236,-420,1,708,380,944,800
ShelfImages/test/C3_P06_N2_S3_2.JPG,-256,-404,1,720,1052,976,1456
ShelfImages/test/C3_P06_N2_S3_2.JPG,-244,-384,1,752,1668,996,2052
ShelfImages/test/C3_P06_N2_S3_2.JPG,-236,-420,1,952,364,1188,784
ShelfImages/test/C3_P06_N2_S3_2.JPG,-248,-404,1,980,1044,1228,1448
ShelfImages/test/C3_P06_N4_S3_1.JPG,-288,-428,1,1020,1856,1308,2284
ShelfImages/test/C3_P06_N4_S3_1.JPG,-236,-508,1,1228,440,1464,948
ShelfImages/test/C3_P06_N4_S3_1.JPG,-268,-400,1,1268,1236,1536,1636
ShelfImages/test/C3_P06_N4_S3_1.JPG,-288,-428,1,1280,1852,1568,2280
ShelfImages/test/C3_P06_N4_S3_1.JPG,-272,-400,1,1504,1248,1776,1648
ShelfImages/test/C3_P06_N4_S3_1.JPG,-296,-496,1,1504,432,1800,928
ShelfImages/test/C3_P06_N4_S3_1.JPG,-300,-436,1,152,1200,452,1636
ShelfImages/test/C3_P06_N4_S3_1.JPG,-264,-376,1,1560,1904,1824,2280
ShelfImages/test/C3_P06_N4_S3_1.JPG,-272,-400,1,1792,1224,2064,1624
ShelfImages/test/C3_P06_N4_S3_1.JPG,-264,-376,1,1848,1896,2112,2272
ShelfImages/test/C3_P06_N4_S3_1.JPG,-280,-500,1,1900,424,2180,924
ShelfImages/test/C3_P06_N4_S3_1.JPG,-272,-400,1,2096,1228,2368,1628
ShelfImages/test/C3_P06_N4_S3_1.JPG,-264,-444,1,2112,1852,2376,2296
ShelfImages/test/C3_P06_N4_S3_1.JPG,-244,-480,1,2232,432,2476,912
ShelfImages/test/C3_P06_N4_S3_1.JPG,-300,-412,1,236,1864,536,2276
ShelfImages/test/C3_P06_N4_S3_1.JPG,-272,-400,1,2380,1232,2652,1632
ShelfImages/test/C3_P06_N4_S3_1.JPG,-264,-444,1,2392,1836,2656,2280
ShelfImages/test/C3_P06_N4_S3_1.JPG,-228,-508,1,2500,404,2728,912
ShelfImages/test/C3_P06_N4_S3_1.JPG,-272,-400,1,2656,1228,2928,1628
ShelfImages/test/C3_P06_N4_S3_1.JPG,-284,-444,1,2680,1828,2964,2272
ShelfImages/test/C3_P06_N4_S3_1.JPG,-248,-520,1,2788,380,3036,900
ShelfImages/test/C3_P06_N4_S3_1.JPG,-284,-444,1,2920,1852,3204,2296
ShelfImages/test/C3_P06_N4_S3_1.JPG,-272,-460,1,3004,1156,3276,1616
ShelfImages/test/C3_P06_N4_S3_1.JPG,-248,-520,1,3056,384,3304,904
ShelfImages/test/C3_P06_N4_S3_1.JPG,-284,-444,1,3256,1840,3540,2284
ShelfImages/test/C3_P06_N4_S3_1.JPG,-300,-432,1,328,504,628,936
ShelfImages/test/C3_P06_N4_S3_1.JPG,-272,-476,1,3292,1136,3564,1612
ShelfImages/test/C3_P06_N4_S3_1.JPG,-248,-520,1,3376,384,3624,904
ShelfImages/test/C3_P06_N4_S3_1.JPG,-268,-444,1,3552,1844,3820,2288
ShelfImages/test/C3_P06_N4_S3_1.JPG,-284,-476,1,3612,1136,3896,1612
ShelfImages/test/C3_P06_N4_S3_1.JPG,-248,-520,1,3644,372,3892,892
ShelfImages/test/C3_P06_N4_S3_1.JPG,-332,-456,1,3824,1832,4156,2288
ShelfImages/test/C3_P06_N4_S3_1.JPG,-304,-476,1,3908,1124,4212,1600
ShelfImages/test/C3_P06_N4_S3_1.JPG,-328,-356,1,396,1272,724,1628
ShelfImages/test/C3_P06_N4_S3_1.JPG,-248,-520,1,3984,356,4232,876
ShelfImages/test/C3_P06_N4_S3_1.JPG,-268,-356,1,524,1916,792,2272
ShelfImages/test/C3_P06_N4_S3_1.JPG,-276,-472,1,644,480,920,952
ShelfImages/test/C3_P06_N4_S3_1.JPG,-264,-376,1,712,1252,976,1628
ShelfImages/test/C3_P06_N4_S3_1.JPG,-292,-464,1,72,508,364,972
ShelfImages/test/C3_P06_N4_S3_1.JPG,-252,-332,1,780,1928,1032,2260
ShelfImages/test/C3_P06_N4_S3_1.JPG,-288,-448,1,924,472,1212,920
ShelfImages/test/C3_P06_N4_S3_1.JPG,-280,-400,1,980,1256,1260,1656
ShelfImages/test/C4_P01_N2_S2_1.JPG,-212,-300,1,2080,340,2292,640
ShelfImages/test/C4_P01_N2_S2_1.JPG,-200,-328,1,2116,1032,2316,1360
ShelfImages/test/C4_P01_N2_S2_1.JPG,-212,-300,1,2304,336,2516,636
ShelfImages/test/C4_P01_N2_S2_1.JPG,-200,-328,1,2336,1036,2536,1364
ShelfImages/test/C4_P01_N2_S2_1.JPG,-212,-300,1,2516,348,2728,648
ShelfImages/test/C4_P01_N2_S2_1.JPG,-216,-328,1,2576,1032,2792,1360
ShelfImages/test/C4_P01_N2_S2_1.JPG,-204,-292,3,0,352,204,644
ShelfImages/test/C4_P01_N2_S2_1.JPG,-156,-328,3,0,980,156,1308
ShelfImages/test/C4_P01_N2_S2_1.JPG,-204,-296,3,1016,348,1220,644
ShelfImages/test/C4_P01_N2_S2_1.JPG,-204,-296,3,1408,340,1612,636
ShelfImages/test/C4_P01_N2_S2_1.JPG,-220,-304,3,140,996,360,1300
ShelfImages/test/C4_P01_N2_S2_1.JPG,-200,-300,3,1604,1048,1804,1348
ShelfImages/test/C4_P01_N2_S2_1.JPG,-204,-296,3,1628,348,1832,644
ShelfImages/test/C4_P01_N2_S2_1.JPG,-204,-292,3,172,352,376,644
ShelfImages/test/C4_P01_N2_S2_1.JPG,-200,-300,3,1816,1048,2016,1348
ShelfImages/test/C4_P01_N2_S2_1.JPG,-204,-296,3,1856,356,2060,652
ShelfImages/test/C4_P01_N2_S2_1.JPG,-220,-304,3,360,1008,580,1312
ShelfImages/test/C4_P01_N2_S2_1.JPG,-204,-292,3,372,344,576,636
ShelfImages/test/C4_P01_N2_S2_1.JPG,-204,-292,3,584,356,788,648
ShelfImages/test/C4_P01_N2_S2_1.JPG,-220,-324,3,596,1012,816,1336
ShelfImages/test/C4_P01_N2_S2_1.JPG,-204,-292,3,800,352,1004,644
ShelfImages/test/C4_P01_N2_S2_1.JPG,-200,-300,3,844,1028,1044,1328
ShelfImages/test/C4_P02_N4_S2_1.JPG,-200,-312,1,0,1172,200,1484
ShelfImages/test/C4_P02_N4_S2_1.JPG,-220,-364,1,1028,1148,1248,1512
ShelfImages/test/C4_P02_N4_S2_1.JPG,-228,-324,1,1144,324,1372,648
ShelfImages/test/C4_P02_N4_S2_1.JPG,-216,-388,1,136,1120,352,1508
ShelfImages/test/C4_P02_N4_S2_1.JPG,-228,-340,1,1376,312,1604,652
ShelfImages/test/C4_P02_N4_S2_1.JPG,-228,-336,1,1740,1224,1968,1560
ShelfImages/test/C4_P02_N4_S2_1.JPG,-228,-336,1,1980,1220,2208,1556
ShelfImages/test/C4_P02_N4_S2_1.JPG,-240,-340,1,2344,324,2584,664
ShelfImages/test/C4_P02_N4_S2_1.JPG,-212,-324,1,236,336,448,660
ShelfImages/test/C4_P02_N4_S2_1.JPG,-216,-388,1,2580,272,2796,660
ShelfImages/test/C4_P02_N4_S2_1.JPG,-212,-324,1,32,344,244,668
ShelfImages/test/C4_P02_N4_S2_1.JPG,-212,-324,1,456,332,668,656
ShelfImages/test/C4_P02_N4_S2_1.JPG,-228,-324,1,684,328,912,652
ShelfImages/test/C4_P02_N4_S2_1.JPG,-228,-324,1,908,320,1136,644
ShelfImages/test/C4_P02_N4_S2_1.JPG,-228,-340,4,1632,316,1860,656
ShelfImages/test/C4_P02_N4_S2_1.JPG,-240,-340,4,1884,316,2124,656
ShelfImages/test/C4_P02_N4_S2_1.JPG,-240,-340,4,2116,324,2356,664
ShelfImages/test/C4_P02_N4_S2_1.JPG,-240,-364,7,1268,1188,1508,1552
ShelfImages/test/C4_P02_N4_S2_1.JPG,-228,-336,7,1516,1200,1744,1536
ShelfImages/test/C4_P02_N4_S2_1.JPG,-228,-336,7,2220,1228,2448,1564
ShelfImages/test/C4_P02_N4_S2_1.JPG,-228,-336,7,2472,1236,2700,1572
ShelfImages/test/C4_P02_N4_S2_1.JPG,-236,-316,7,352,1196,588,1512
ShelfImages/test/C4_P02_N4_S2_1.JPG,-236,-316,7,568,1192,804,1508
ShelfImages/test/C4_P02_N4_S2_1.JPG,-220,-364,7,776,1156,996,1520
ShelfImages/test/C4_P03_N1_S3_1.JPG,-188,-264,1,1964,836,2152,1100
ShelfImages/test/C4_P03_N1_S3_1.JPG,-188,-244,1,2024,240,2212,484
ShelfImages/test/C4_P03_N1_S3_1.JPG,-188,-264,1,2156,832,2344,1096
ShelfImages/test/C4_P03_N1_S3_1.JPG,-188,-256,1,2232,232,2420,488
ShelfImages/test/C4_P03_N1_S3_1.JPG,-188,-264,1,2344,832,2532,1096
ShelfImages/test/C4_P03_N1_S3_1.JPG,-188,-256,1,2416,240,2604,496
ShelfImages/test/C4_P03_N1_S3_1.JPG,-188,-256,3,1056,836,1244,1092
ShelfImages/test/C4_P03_N1_S3_1.JPG,-188,-256,3,108,832,296,1088
ShelfImages/test/C4_P03_N1_S3_1.JPG,-188,-244,3,1112,248,1300,492
ShelfImages/test/C4_P03_N1_S3_1.JPG,-188,-244,3,1328,240,1516,484
ShelfImages/test/C4_P03_N1_S3_1.JPG,-188,-264,3,1404,836,1592,1100
ShelfImages/test/C4_P03_N1_S3_1.JPG,-188,-244,3,1556,244,1744,488
ShelfImages/test/C4_P03_N1_S3_1.JPG,-188,-276,3,1576,1452,1764,1728
ShelfImages/test/C4_P03_N1_S3_1.JPG,-188,-264,3,1588,836,1776,1100
ShelfImages/test/C4_P03_N1_S3_1.JPG,-188,-244,3,1756,248,1944,492
ShelfImages/test/C4_P03_N1_S3_1.JPG,-188,-276,3,1760,1448,1948,1724
ShelfImages/test/C4_P03_N1_S3_1.JPG,-188,-264,3,1768,832,1956,1096
ShelfImages/test/C4_P03_N1_S3_1.JPG,-188,-276,3,2000,1444,2188,1720
ShelfImages/test/C4_P03_N1_S3_1.JPG,-188,-276,3,2220,1436,2408,1712
ShelfImages/test/C4_P03_N1_S3_1.JPG,-188,-276,3,2400,1432,2588,1708
ShelfImages/test/C4_P03_N1_S3_1.JPG,-188,-276,3,252,1432,440,1708
ShelfImages/test/C4_P03_N1_S3_1.JPG,-188,-244,3,268,248,456,492
ShelfImages/test/C4_P03_N1_S3_1.JPG,-188,-256,3,292,832,480,1088
ShelfImages/test/C4_P03_N1_S3_1.JPG,-188,-276,3,456,1432,644,1708
ShelfImages/test/C4_P03_N1_S3_1.JPG,-188,-244,3,472,240,660,484
ShelfImages/test/C4_P03_N1_S3_1.JPG,-188,-256,3,484,840,672,1096
ShelfImages/test/C4_P03_N1_S3_1.JPG,-188,-276,3,56,1424,244,1700
ShelfImages/test/C4_P03_N1_S3_1.JPG,-188,-256,3,680,832,868,1088
ShelfImages/test/C4_P03_N1_S3_1.JPG,-188,-276,3,684,1448,872,1724
ShelfImages/test/C4_P03_N1_S3_1.JPG,-188,-244,3,68,236,256,480
ShelfImages/test/C4_P03_N1_S3_1.JPG,-188,-244,3,716,244,904,488
ShelfImages/test/C4_P03_N1_S3_1.JPG,-188,-256,3,868,836,1056,1092
ShelfImages/test/C4_P03_N1_S3_1.JPG,-188,-276,3,892,1448,1080,1724
ShelfImages/test/C4_P03_N1_S3_1.JPG,-188,-244,3,904,244,1092,488
ShelfImages/test/C4_P03_N1_S4_1.JPG,-168,-284,1,1016,1680,1184,1964
ShelfImages/test/C4_P03_N1_S4_1.JPG,-168,-284,1,1212,1692,1380,1976
ShelfImages/test/C4_P03_N1_S4_1.JPG,-168,-284,1,1392,1684,1560,1968
ShelfImages/test/C4_P03_N1_S4_1.JPG,-168,-260,1,1560,1728,1728,1988
ShelfImages/test/C4_P03_N1_S4_1.JPG,-168,-260,1,1728,1732,1896,1992
ShelfImages/test/C4_P03_N1_S4_1.JPG,-168,-240,1,1980,648,2148,888
ShelfImages/test/C4_P03_N1_S4_1.JPG,-168,-228,1,2016,112,2184,340
ShelfImages/test/C4_P03_N1_S4_1.JPG,-168,-240,1,2148,648,2316,888
ShelfImages/test/C4_P03_N1_S4_1.JPG,-168,-228,1,2216,124,2384,352
ShelfImages/test/C4_P03_N1_S4_1.JPG,-168,-288,1,2232,1672,2400,1960
ShelfImages/test/C4_P03_N1_S4_1.JPG,-168,-240,1,2320,640,2488,880
ShelfImages/test/C4_P03_N1_S4_1.JPG,-168,-228,1,2384,108,2552,336
ShelfImages/test/C4_P03_N1_S4_1.JPG,-168,-288,1,2396,1672,2564,1960
ShelfImages/test/C4_P03_N1_S4_1.JPG,-164,-256,1,320,1728,484,1984
ShelfImages/test/C4_P03_N1_S4_1.JPG,-164,-256,1,836,1732,1000,1988
ShelfImages/test/C4_P03_N1_S4_1.JPG,-168,-228,3,1004,656,1172,884
ShelfImages/test/C4_P03_N1_S4_1.JPG,-168,-228,3,1028,124,1196,352
ShelfImages/test/C4_P03_N1_S4_1.JPG,-168,-240,3,1036,1196,1204,1436
ShelfImages/test/C4_P03_N1_S4_1.JPG,-168,-228,3,1168,652,1336,880
ShelfImages/test/C4_P03_N1_S4_1.JPG,-168,-228,3,1208,124,1376,352
ShelfImages/test/C4_P03_N1_S4_1.JPG,-168,-228,3,1412,128,1580,356
ShelfImages/test/C4_P03_N1_S4_1.JPG,-168,-240,3,1476,656,1644,896
ShelfImages/test/C4_P03_N1_S4_1.JPG,-168,-228,3,1620,128,1788,356
ShelfImages/test/C4_P03_N1_S4_1.JPG,-168,-240,3,1624,1196,1792,1436
ShelfImages/test/C4_P03_N1_S4_1.JPG,-168,-240,3,1640,656,1808,896
ShelfImages/test/C4_P03_N1_S4_1.JPG,-168,-228,3,1792,128,1960,356
ShelfImages/test/C4_P03_N1_S4_1.JPG,-168,-240,3,1804,1192,1972,1432
ShelfImages/test/C4_P03_N1_S4_1.JPG,-168,-240,3,1812,652,1980,892
ShelfImages/test/C4_P03_N1_S4_1.JPG,-168,-240,3,2004,1188,2172,1428
ShelfImages/test/C4_P03_N1_S4_1.JPG,-168,-240,3,2200,1184,2368,1424
ShelfImages/test/C4_P03_N1_S4_1.JPG,-168,-240,3,2372,1184,2540,1424
ShelfImages/test/C4_P03_N1_S4_1.JPG,-168,-228,3,284,136,452,364
ShelfImages/test/C4_P03_N1_S4_1.JPG,-168,-240,3,300,1188,468,1428
ShelfImages/test/C4_P03_N1_S4_1.JPG,-168,-228,3,340,664,508,892
ShelfImages/test/C4_P03_N1_S4_1.JPG,-168,-240,3,464,1184,632,1424
ShelfImages/test/C4_P03_N1_S4_1.JPG,-168,-228,3,464,144,632,372
ShelfImages/test/C4_P03_N1_S4_1.JPG,-168,-228,3,496,664,664,892
ShelfImages/test/C4_P03_N1_S4_1.JPG,-168,-240,3,640,1188,808,1428
ShelfImages/test/C4_P03_N1_S4_1.JPG,-168,-228,3,648,132,816,360
ShelfImages/test/C4_P03_N1_S4_1.JPG,-168,-228,3,656,680,824,908
ShelfImages/test/C4_P03_N1_S4_1.JPG,-168,-228,3,836,660,1004,888
ShelfImages/test/C4_P03_N1_S4_1.JPG,-168,-240,3,852,1196,1020,1436
ShelfImages/test/C4_P03_N1_S4_1.JPG,-168,-228,3,856,128,1024,356
ShelfImages/test/C4_P03_N1_S4_1.JPG,-164,-256,6,504,1720,668,1976
ShelfImages/test/C4_P03_N1_S4_1.JPG,-164,-256,6,676,1724,840,1980
ShelfImages/test/C4_P03_N1_S4_1.JPG,-168,-260,9,1908,1732,2076,1992
ShelfImages/test/C4_P03_N1_S4_1.JPG,-168,-260,9,2072,1724,2240,1984
ShelfImages/test/C4_P04_N1_S3_1.JPG,-220,-308,1,1004,952,1224,1260
ShelfImages/test/C4_P04_N1_S3_1.JPG,-216,-376,1,1212,416,1428,792
ShelfImages/test/C4_P04_N1_S3_1.JPG,-224,-328,1,1216,1400,1440,1728
ShelfImages/test/C4_P04_N1_S3_1.JPG,-220,-360,1,1224,904,1444,1264
ShelfImages/test/C4_P04_N1_S3_1.JPG,-220,-312,1,1420,476,1640,788
ShelfImages/test/C4_P04_N1_S3_1.JPG,-212,-320,1,1456,936,1668,1256
ShelfImages/test/C4_P04_N1_S3_1.JPG,-224,-328,1,1460,1400,1684,1728
ShelfImages/test/C4_P04_N1_S3_1.JPG,-220,-312,1,1656,480,1876,792
ShelfImages/test/C4_P04_N1_S3_1.JPG,-196,-364,1,1664,896,1860,1260
ShelfImages/test/C4_P04_N1_S3_1.JPG,-224,-360,1,1864,900,2088,1260
ShelfImages/test/C4_P04_N1_S3_1.JPG,-220,-340,1,1868,432,2088,772
ShelfImages/test/C4_P04_N1_S3_1.JPG,-224,-328,1,1872,1364,2096,1692
ShelfImages/test/C4_P04_N1_S3_1.JPG,-224,-316,1,2084,960,2308,1276
ShelfImages/test/C4_P04_N1_S3_1.JPG,-224,-328,1,2096,1388,2320,1716
ShelfImages/test/C4_P04_N1_S3_1.JPG,-220,-320,1,2292,464,2512,784
ShelfImages/test/C4_P04_N1_S3_1.JPG,-224,-316,1,2304,940,2528,1256
ShelfImages/test/C4_P04_N1_S3_1.JPG,-224,-328,1,2308,1396,2532,1724
ShelfImages/test/C4_P04_N1_S3_1.JPG,-212,-340,1,336,924,548,1264
ShelfImages/test/C4_P04_N1_S3_1.JPG,-216,-336,1,340,444,556,780
ShelfImages/test/C4_P04_N1_S3_1.JPG,-224,-388,1,356,1340,580,1728
ShelfImages/test/C4_P04_N1_S3_1.JPG,-236,-360,1,568,424,804,784
ShelfImages/test/C4_P04_N1_S3_1.JPG,-220,-368,1,572,884,792,1252
ShelfImages/test/C4_P04_N1_S3_1.JPG,-224,-344,1,576,1408,800,1752
ShelfImages/test/C4_P04_N1_S3_1.JPG,-224,-344,1,772,1396,996,1740
ShelfImages/test/C4_P04_N1_S3_1.JPG,-196,-352,1,784,416,980,768
ShelfImages/test/C4_P04_N1_S3_1.JPG,-224,-364,1,984,1372,1208,1736
ShelfImages/test/C4_P04_N1_S3_1.JPG,-196,-352,1,992,424,1188,776
ShelfImages/test/C4_P04_N1_S3_1.JPG,-220,-308,9,2084,476,2304,784
ShelfImages/test/C4_P04_N1_S3_1.JPG,-224,-328,11,1660,1400,1884,1728
ShelfImages/test/C4_P04_N2_S2_1.JPG,-232,-356,1,1144,704,1376,1060
ShelfImages/test/C4_P04_N2_S2_1.JPG,-224,-360,1,1156,180,1380,540
ShelfImages/test/C4_P04_N2_S2_1.JPG,-224,-344,1,1400,212,1624,556
ShelfImages/test/C4_P04_N2_S2_1.JPG,-232,-356,1,1408,708,1640,1064
ShelfImages/test/C4_P04_N2_S2_1.JPG,-204,-376,1,1632,168,1836,544
ShelfImages/test/C4_P04_N2_S2_1.JPG,-232,-396,1,1836,664,2068,1060
ShelfImages/test/C4_P04_N2_S2_1.JPG,-224,-400,1,1840,172,2064,572
ShelfImages/test/C4_P04_N2_S2_1.JPG,-240,-328,1,2068,228,2308,556
ShelfImages/test/C4_P04_N2_S2_1.JPG,-232,-360,1,2080,700,2312,1060
ShelfImages/test/C4_P04_N2_S2_1.JPG,-224,-352,1,216,204,440,556
ShelfImages/test/C4_P04_N2_S2_1.JPG,-240,-328,1,2304,220,2544,548
ShelfImages/test/C4_P04_N2_S2_1.JPG,-232,-360,1,2304,696,2536,1056
ShelfImages/test/C4_P04_N2_S2_1.JPG,-232,-416,1,244,640,476,1056
ShelfImages/test/C4_P04_N2_S2_1.JPG,-232,-348,1,456,712,688,1060
ShelfImages/test/C4_P04_N2_S2_1.JPG,-236,-376,1,460,172,696,548
ShelfImages/test/C4_P04_N2_S2_1.JPG,-232,-348,1,680,708,912,1056
ShelfImages/test/C4_P04_N2_S2_1.JPG,-232,-396,1,904,660,1136,1056
ShelfImages/test/C4_P04_N2_S2_1.JPG,-224,-336,1,920,228,1144,564
ShelfImages/test/C4_P04_N2_S2_1.JPG,-232,-356,11,1612,700,1844,1056
ShelfImages/test/C4_P04_N4_S2_1.JPG,-252,-432,1,1144,124,1396,556
ShelfImages/test/C4_P04_N4_S2_1.JPG,-228,-360,1,1356,664,1584,1024
ShelfImages/test/C4_P04_N4_S2_1.JPG,-248,-372,1,1588,672,1836,1044
ShelfImages/test/C4_P04_N4_S2_1.JPG,-248,-340,1,1836,712,2084,1052
ShelfImages/test/C4_P04_N4_S2_1.JPG,-252,-448,1,188,112,440,560
ShelfImages/test/C4_P04_N4_S2_1.JPG,-248,-400,1,2052,664,2300,1064
ShelfImages/test/C4_P04_N4_S2_1.JPG,-228,-356,1,2104,196,2332,552
ShelfImages/test/C4_P04_N4_S2_1.JPG,-244,-356,1,2280,708,2524,1064
ShelfImages/test/C4_P04_N4_S2_1.JPG,-228,-356,1,2332,192,2560,548
ShelfImages/test/C4_P04_N4_S2_1.JPG,-228,-356,1,440,696,668,1052
ShelfImages/test/C4_P04_N4_S2_1.JPG,-252,-400,1,652,128,904,528
ShelfImages/test/C4_P04_N4_S2_1.JPG,-252,-400,1,904,160,1156,560
ShelfImages/test/C4_P04_N4_S2_1.JPG,-252,-400,2,400,148,652,548
ShelfImages/test/C4_P04_N4_S2_1.JPG,-228,-356,5,1376,204,1604,560
ShelfImages/test/C4_P04_N4_S2_1.JPG,-228,-356,5,1600,196,1828,552
ShelfImages/test/C4_P04_N4_S2_1.JPG,-228,-360,7,1120,688,1348,1048
ShelfImages/test/C4_P04_N4_S2_1.JPG,-228,-392,7,692,660,920,1052
ShelfImages/test/C4_P04_N4_S2_1.JPG,-228,-360,7,888,708,1116,1068
ShelfImages/test/C4_P04_N4_S2_1.JPG,-228,-356,10,176,696,404,1052
ShelfImages/test/C4_P05_N2_S2_1.JPG,-204,-324,1,1100,836,1304,1160
ShelfImages/test/C4_P05_N2_S2_1.JPG,-220,-352,1,124,780,344,1132
ShelfImages/test/C4_P05_N2_S2_1.JPG,-204,-324,1,1288,844,1492,1168
ShelfImages/test/C4_P05_N2_S2_1.JPG,-220,-364,1,1340,280,1560,644
ShelfImages/test/C4_P05_N2_S2_1.JPG,-204,-324,1,1500,840,1704,1164
ShelfImages/test/C4_P05_N2_S2_1.JPG,-220,-336,1,1532,312,1752,648
ShelfImages/test/C4_P05_N2_S2_1.JPG,-228,-356,1,160,284,388,640
ShelfImages/test/C4_P05_N2_S2_1.JPG,-204,-324,1,1700,840,1904,1164
ShelfImages/test/C4_P05_N2_S2_1.JPG,-220,-336,1,1744,312,1964,648
ShelfImages/test/C4_P05_N2_S2_1.JPG,-204,-324,1,1912,840,2116,1164
ShelfImages/test/C4_P05_N2_S2_1.JPG,-220,-336,1,1944,296,2164,632
ShelfImages/test/C4_P05_N2_S2_1.JPG,-184,-348,1,2120,804,2304,1152
ShelfImages/test/C4_P05_N2_S2_1.JPG,-220,-336,1,2152,296,2372,632
ShelfImages/test/C4_P05_N2_S2_1.JPG,-200,-336,1,2300,844,2500,1180
ShelfImages/test/C4_P05_N2_S2_1.JPG,-220,-336,1,2348,304,2568,640
ShelfImages/test/C4_P05_N2_S2_1.JPG,-220,-352,1,324,788,544,1140
ShelfImages/test/C4_P05_N2_S2_1.JPG,-228,-356,1,340,272,568,628
ShelfImages/test/C4_P05_N2_S2_1.JPG,-220,-352,1,496,792,716,1144
ShelfImages/test/C4_P05_N2_S2_1.JPG,-200,-316,1,540,320,740,636
ShelfImages/test/C4_P05_N2_S2_1.JPG,-204,-324,1,900,836,1104,1160
ShelfImages/test/C4_P05_N2_S2_1.JPG,-220,-316,2,1148,316,1368,632
ShelfImages/test/C4_P05_N2_S2_1.JPG,-220,-316,2,716,304,936,620
ShelfImages/test/C4_P05_N2_S2_1.JPG,-220,-316,2,936,304,1156,620
ShelfImages/test/C4_P05_N2_S2_1.JPG,-204,-324,5,708,832,912,1156
ShelfImages/test/C4_P07_N1_S3_1.JPG,-192,-344,1,104,1500,296,1844
ShelfImages/test/C4_P07_N1_S3_1.JPG,-200,-372,1,104,904,304,1276
ShelfImages/test/C4_P07_N1_S3_1.JPG,-200,-316,1,1056,972,1256,1288
ShelfImages/test/C4_P07_N1_S3_1.JPG,-176,-352,1,1080,356,1256,708
ShelfImages/test/C4_P07_N1_S3_1.JPG,-200,-316,1,1232,952,1432,1268
ShelfImages/test/C4_P07_N1_S3_1.JPG,-192,-352,1,1244,344,1436,696
ShelfImages/test/C4_P07_N1_S3_1.JPG,-192,-300,1,128,400,320,700
ShelfImages/test/C4_P07_N1_S3_1.JPG,-200,-316,1,1416,956,1616,1272
ShelfImages/test/C4_P07_N1_S3_1.JPG,-192,-308,1,1436,392,1628,700
ShelfImages/test/C4_P07_N1_S3_1.JPG,-200,-316,1,1604,956,1804,1272
ShelfImages/test/C4_P07_N1_S3_1.JPG,-192,-308,1,1612,396,1804,704
ShelfImages/test/C4_P07_N1_S3_1.JPG,-192,-308,1,1792,404,1984,712
ShelfImages/test/C4_P07_N1_S3_1.JPG,-180,-336,1,1816,920,1996,1256
ShelfImages/test/C4_P07_N1_S3_1.JPG,-192,-288,1,1972,388,2164,676
ShelfImages/test/C4_P07_N1_S3_1.JPG,-200,-284,1,1984,944,2184,1228
ShelfImages/test/C4_P07_N1_S3_1.JPG,-192,-300,1,1992,1520,2184,1820
ShelfImages/test/C4_P07_N1_S3_1.JPG,-200,-284,1,2156,948,2356,1232
ShelfImages/test/C4_P07_N1_S3_1.JPG,-192,-288,1,2172,392,2364,680
ShelfImages/test/C4_P07_N1_S3_1.JPG,-192,-300,1,2180,1516,2372,1816
ShelfImages/test/C4_P07_N1_S3_1.JPG,-192,-288,1,2332,396,2524,684
ShelfImages/test/C4_P07_N1_S3_1.JPG,-188,-312,1,2340,936,2528,1248
ShelfImages/test/C4_P07_N1_S3_1.JPG,-192,-300,1,2356,1500,2548,1800
ShelfImages/test/C4_P07_N1_S3_1.JPG,-192,-288,1,2508,396,2700,684
ShelfImages/test/C4_P07_N1_S3_1.JPG,-188,-312,1,2520,932,2708,1244
ShelfImages/test/C4_P07_N1_S3_1.JPG,-192,-344,1,288,1500,480,1844
ShelfImages/test/C4_P07_N1_S3_1.JPG,-200,-372,1,292,904,492,1276
ShelfImages/test/C4_P07_N1_S3_1.JPG,-192,-300,1,316,392,508,692
ShelfImages/test/C4_P07_N1_S3_1.JPG,-192,-344,1,472,1500,664,1844
ShelfImages/test/C4_P07_N1_S3_1.JPG,-200,-372,1,476,900,676,1272
ShelfImages/test/C4_P07_N1_S3_1.JPG,-192,-300,1,488,396,680,696
ShelfImages/test/C4_P07_N1_S3_1.JPG,-192,-300,1,672,1532,864,1832
ShelfImages/test/C4_P07_N1_S3_1.JPG,-192,-300,1,672,388,864,688
ShelfImages/test/C4_P07_N1_S3_1.JPG,-192,-300,1,872,384,1064,684
ShelfImages/test/C4_P07_N1_S3_1.JPG,-200,-316,2,672,956,872,1272
ShelfImages/test/C4_P07_N1_S3_1.JPG,-200,-316,2,856,960,1056,1276
ShelfImages/test/C4_P07_N1_S3_1.JPG,-192,-300,5,1056,1520,1248,1820
ShelfImages/test/C4_P07_N1_S3_1.JPG,-192,-300,5,1244,1516,1436,1816
ShelfImages/test/C4_P07_N1_S3_1.JPG,-192,-300,5,1432,1516,1624,1816
ShelfImages/test/C4_P07_N1_S3_1.JPG,-192,-300,5,1628,1516,1820,1816
ShelfImages/test/C4_P07_N1_S3_1.JPG,-192,-300,5,1804,1524,1996,1824
ShelfImages/test/C4_P07_N1_S3_1.JPG,-156,-328,5,2548,1464,2704,1792
ShelfImages/test/C4_P07_N1_S3_1.JPG,-192,-300,5,856,1536,1048,1836
ShelfImages/test/C4_P07_N1_S3_2.JPG,-204,-304,1,1004,908,1208,1212
ShelfImages/test/C4_P07_N1_S3_2.JPG,-176,-328,1,1040,320,1216,648
ShelfImages/test/C4_P07_N1_S3_2.JPG,-204,-304,1,1200,904,1404,1208
ShelfImages/test/C4_P07_N1_S3_2.JPG,-192,-328,1,1224,312,1416,640
ShelfImages/test/C4_P07_N1_S3_2.JPG,-192,-280,1,124,344,316,624
ShelfImages/test/C4_P07_N1_S3_2.JPG,-204,-304,1,1376,900,1580,1204
ShelfImages/test/C4_P07_N1_S3_2.JPG,-188,-288,1,1404,352,1592,640
ShelfImages/test/C4_P07_N1_S3_2.JPG,-204,-304,1,1556,912,1760,1216
ShelfImages/test/C4_P07_N1_S3_2.JPG,-188,-288,1,1592,360,1780,648
ShelfImages/test/C4_P07_N1_S3_2.JPG,-188,-288,1,1760,364,1948,652
ShelfImages/test/C4_P07_N1_S3_2.JPG,-180,-336,1,1780,868,1960,1204
ShelfImages/test/C4_P07_N1_S3_2.JPG,-180,-288,1,1944,1452,2124,1740
ShelfImages/test/C4_P07_N1_S3_2.JPG,-188,-288,1,1944,356,2132,644
ShelfImages/test/C4_P07_N1_S3_2.JPG,-180,-296,1,1948,900,2128,1196
ShelfImages/test/C4_P07_N1_S3_2.JPG,-188,-288,1,2116,356,2304,644
ShelfImages/test/C4_P07_N1_S3_2.JPG,-180,-276,1,2116,908,2296,1184
ShelfImages/test/C4_P07_N1_S3_2.JPG,-180,-288,1,2132,1456,2312,1744
ShelfImages/test/C4_P07_N1_S3_2.JPG,-180,-276,1,2288,904,2468,1180
ShelfImages/test/C4_P07_N1_S3_2.JPG,-180,-288,1,2296,1448,2476,1736
ShelfImages/test/C4_P07_N1_S3_2.JPG,-188,-272,1,2304,368,2492,640
ShelfImages/test/C4_P07_N1_S3_2.JPG,-180,-276,1,2468,904,2648,1180
ShelfImages/test/C4_P07_N1_S3_2.JPG,-188,-272,1,2476,372,2664,644
ShelfImages/test/C4_P07_N1_S3_2.JPG,-164,-304,1,2480,1428,2644,1732
ShelfImages/test/C4_P07_N1_S3_2.JPG,-180,-328,1,272,1432,452,1760
ShelfImages/test/C4_P07_N1_S3_2.JPG,-184,-352,1,280,856,464,1208
ShelfImages/test/C4_P07_N1_S3_2.JPG,-192,-280,1,288,352,480,632
ShelfImages/test/C4_P07_N1_S3_2.JPG,-180,-328,1,460,1436,640,1764
ShelfImages/test/C4_P07_N1_S3_2.JPG,-192,-280,1,460,344,652,624
ShelfImages/test/C4_P07_N1_S3_2.JPG,-184,-352,1,464,864,648,1216
ShelfImages/test/C4_P07_N1_S3_2.JPG,-180,-288,1,648,1456,828,1744
ShelfImages/test/C4_P07_N1_S3_2.JPG,-192,-280,1,648,344,840,624
ShelfImages/test/C4_P07_N1_S3_2.JPG,-192,-280,1,844,348,1036,628
ShelfImages/test/C4_P07_N1_S3_2.JPG,-180,-328,1,92,1432,272,1760
ShelfImages/test/C4_P07_N1_S3_2.JPG,-184,-352,1,92,852,276,1204
ShelfImages/test/C4_P07_N1_S3_2.JPG,-204,-304,2,640,912,844,1216
ShelfImages/test/C4_P07_N1_S3_2.JPG,-204,-304,2,832,896,1036,1200
ShelfImages/test/C4_P07_N1_S3_2.JPG,-180,-288,5,1012,1440,1192,1728
ShelfImages/test/C4_P07_N1_S3_2.JPG,-180,-288,5,1208,1448,1388,1736
ShelfImages/test/C4_P07_N1_S3_2.JPG,-180,-288,5,1392,1452,1572,1740
ShelfImages/test/C4_P07_N1_S3_2.JPG,-180,-288,5,1568,1456,1748,1744
ShelfImages/test/C4_P07_N1_S3_2.JPG,-180,-288,5,1752,1452,1932,1740
ShelfImages/test/C4_P07_N1_S3_2.JPG,-180,-288,5,816,1452,996,1740
ShelfImages/test/C4_P07_N3_S3_1.JPG,-188,-300,1,1056,1408,1244,1708
ShelfImages/test/C4_P07_N3_S3_1.JPG,-188,-304,1,1072,848,1260,1152
ShelfImages/test/C4_P07_N3_S3_1.JPG,-188,-320,1,1232,1380,1420,1700
ShelfImages/test/C4_P07_N3_S3_1.JPG,-204,-304,1,1240,840,1444,1144
ShelfImages/test/C4_P07_N3_S3_1.JPG,-184,-284,1,124,868,308,1152
ShelfImages/test/C4_P07_N3_S3_1.JPG,-180,-304,1,1268,272,1448,576
ShelfImages/test/C4_P07_N3_S3_1.JPG,-180,-328,1,128,260,308,588
ShelfImages/test/C4_P07_N3_S3_1.JPG,-180,-320,1,132,1384,312,1704
ShelfImages/test/C4_P07_N3_S3_1.JPG,-188,-320,1,1416,1372,1604,1692
ShelfImages/test/C4_P07_N3_S3_1.JPG,-204,-304,1,1428,856,1632,1160
ShelfImages/test/C4_P07_N3_S3_1.JPG,-188,-320,1,1604,1388,1792,1708
ShelfImages/test/C4_P07_N3_S3_1.JPG,-204,-304,1,1612,848,1816,1152
ShelfImages/test/C4_P07_N3_S3_1.JPG,-188,-320,1,1776,1368,1964,1688
ShelfImages/test/C4_P07_N3_S3_1.JPG,-180,-304,1,1800,272,1980,576
ShelfImages/test/C4_P07_N3_S3_1.JPG,-196,-348,1,1816,816,2012,1164
ShelfImages/test/C4_P07_N3_S3_1.JPG,-188,-304,1,1972,1396,2160,1700
ShelfImages/test/C4_P07_N3_S3_1.JPG,-188,-276,1,1992,852,2180,1128
ShelfImages/test/C4_P07_N3_S3_1.JPG,-204,-288,1,1996,288,2200,576
ShelfImages/test/C4_P07_N3_S3_1.JPG,-192,-296,1,2160,828,2352,1124
ShelfImages/test/C4_P07_N3_S3_1.JPG,-204,-288,1,2184,292,2388,580
ShelfImages/test/C4_P07_N3_S3_1.JPG,-188,-304,1,2316,1376,2504,1680
ShelfImages/test/C4_P07_N3_S3_1.JPG,-204,-288,1,2356,288,2560,576
ShelfImages/test/C4_P07_N3_S3_1.JPG,-192,-304,1,2360,824,2552,1128
ShelfImages/test/C4_P07_N3_S3_1.JPG,-192,-304,1,2548,824,2740,1128
ShelfImages/test/C4_P07_N3_S3_1.JPG,-180,-328,1,300,248,480,576
ShelfImages/test/C4_P07_N3_S3_1.JPG,-188,-320,1,312,1388,500,1708
ShelfImages/test/C4_P07_N3_S3_1.JPG,-184,-284,1,316,860,500,1144
ShelfImages/test/C4_P07_N3_S3_1.JPG,-180,-328,1,484,252,664,580
ShelfImages/test/C4_P07_N3_S3_1.JPG,-188,-284,1,496,1420,684,1704
ShelfImages/test/C4_P07_N3_S3_1.JPG,-184,-284,1,508,864,692,1148
ShelfImages/test/C4_P07_N3_S3_1.JPG,-180,-304,1,684,288,864,592
ShelfImages/test/C4_P07_N3_S3_1.JPG,-188,-316,1,688,1380,876,1696
ShelfImages/test/C4_P07_N3_S3_1.JPG,-184,-320,1,720,824,904,1144
ShelfImages/test/C4_P07_N3_S3_1.JPG,-188,-300,1,876,1416,1064,1716
ShelfImages/test/C4_P07_N3_S3_1.JPG,-172,-304,1,896,848,1068,1152
ShelfImages/test/C4_P07_N3_S3_1.JPG,-180,-304,5,1080,276,1260,580
ShelfImages/test/C4_P07_N3_S3_1.JPG,-180,-304,5,1440,284,1620,588
ShelfImages/test/C4_P07_N3_S3_1.JPG,-180,-304,5,1636,272,1816,576
ShelfImages/test/C4_P07_N3_S3_1.JPG,-184,-300,5,2556,264,2740,564
ShelfImages/test/C4_P07_N3_S3_1.JPG,-180,-304,5,876,280,1056,584
ShelfImages/test/C4_P07_N3_S3_1.JPG,-188,-304,11,2144,1360,2332,1664
ShelfImages/test/C4_P07_N3_S3_1.JPG,-188,-304,11,2488,1392,2676,1696
ShelfImages/test/C4_P08_N1_S3_1.JPG,-224,-312,1,1056,1016,1280,1328
ShelfImages/test/C4_P08_N1_S3_1.JPG,-220,-380,1,1072,352,1292,732
ShelfImages/test/C4_P08_N1_S3_1.JPG,-220,-380,1,1264,344,1484,724
ShelfImages/test/C4_P08_N1_S3_1.JPG,-224,-312,1,140,1588,364,1900
ShelfImages/test/C4_P08_N1_S3_1.JPG,-220,-332,1,1472,404,1692,736
ShelfImages/test/C4_P08_N1_S3_1.JPG,-220,-332,1,1672,416,1892,748
ShelfImages/test/C4_P08_N1_S3_1.JPG,-224,-312,1,2024,1616,2248,1928
ShelfImages/test/C4_P08_N1_S3_1.JPG,-224,-312,1,2084,1012,2308,1324
ShelfImages/test/C4_P08_N1_S3_1.JPG,-220,-312,1,212,996,432,1308
ShelfImages/test/C4_P08_N1_S3_1.JPG,-220,-304,1,220,388,440,692
ShelfImages/test/C4_P08_N1_S3_1.JPG,-224,-312,1,2228,1620,2452,1932
ShelfImages/test/C4_P08_N1_S3_1.JPG,-220,-392,1,2264,376,2484,768
ShelfImages/test/C4_P08_N1_S3_1.JPG,-224,-312,1,2304,1012,2528,1324
ShelfImages/test/C4_P08_N1_S3_1.JPG,-224,-312,1,2440,1616,2664,1928
ShelfImages/test/C4_P08_N1_S3_1.JPG,-224,-312,1,2480,1004,2704,1316
ShelfImages/test/C4_P08_N1_S3_1.JPG,-220,-392,1,2480,364,2700,756
ShelfImages/test/C4_P08_N1_S3_1.JPG,-224,-312,1,356,1596,580,1908
ShelfImages/test/C4_P08_N1_S3_1.JPG,-220,-312,1,420,996,640,1308
ShelfImages/test/C4_P08_N1_S3_1.JPG,-224,-312,1,564,1576,788,1888
ShelfImages/test/C4_P08_N1_S3_1.JPG,-224,-312,1,628,1000,852,1312
ShelfImages/test/C4_P08_N1_S3_1.JPG,-220,-312,1,644,404,864,716
ShelfImages/test/C4_P08_N1_S3_1.JPG,-220,-312,1,844,400,1064,712
ShelfImages/test/C4_P08_N1_S3_1.JPG,-224,-312,1,852,1008,1076,1320
ShelfImages/test/C4_P08_N1_S3_1.JPG,-224,-312,3,1204,1616,1428,1928
ShelfImages/test/C4_P08_N1_S3_1.JPG,-224,-312,3,1280,1008,1504,1320
ShelfImages/test/C4_P08_N1_S3_1.JPG,-224,-312,3,1400,1612,1624,1924
ShelfImages/test/C4_P08_N1_S3_1.JPG,-224,-312,3,1484,1016,1708,1328
ShelfImages/test/C4_P08_N1_S3_1.JPG,-224,-312,3,1612,1628,1836,1940
ShelfImages/test/C4_P08_N1_S3_1.JPG,-224,-312,3,1676,1016,1900,1328
ShelfImages/test/C4_P08_N1_S3_1.JPG,-224,-312,3,1820,1620,2044,1932
ShelfImages/test/C4_P08_N1_S3_1.JPG,-224,-312,3,1888,1012,2112,1324
ShelfImages/test/C4_P08_N1_S3_1.JPG,-224,-312,3,796,1608,1020,1920
ShelfImages/test/C4_P08_N1_S3_1.JPG,-224,-312,3,976,1612,1200,1924
ShelfImages/test/C4_P08_N1_S3_1.JPG,-220,-304,6,444,388,664,692
ShelfImages/test/C4_P08_N1_S3_1.JPG,-220,-332,9,1868,412,2088,744
ShelfImages/test/C4_P08_N1_S3_1.JPG,-220,-332,9,2064,412,2284,744
ShelfImages/test/C4_P08_N1_S4_1.JPG,-192,-300,1,1056,1732,1248,2032
ShelfImages/test/C4_P08_N1_S4_1.JPG,-200,-308,1,1096,676,1296,984
ShelfImages/test/C4_P08_N1_S4_1.JPG,-192,-320,1,1096,76,1288,396
ShelfImages/test/C4_P08_N1_S4_1.JPG,-192,-332,1,1256,1704,1448,2036
ShelfImages/test/C4_P08_N1_S4_1.JPG,-192,-320,1,1276,88,1468,408
ShelfImages/test/C4_P08_N1_S4_1.JPG,-192,-332,1,1444,1704,1636,2036
ShelfImages/test/C4_P08_N1_S4_1.JPG,-192,-296,1,1464,132,1656,428
ShelfImages/test/C4_P08_N1_S4_1.JPG,-192,-296,1,1644,1728,1836,2024
ShelfImages/test/C4_P08_N1_S4_1.JPG,-192,-296,1,1652,132,1844,428
ShelfImages/test/C4_P08_N1_S4_1.JPG,-192,-296,1,1820,1712,2012,2008
ShelfImages/test/C4_P08_N1_S4_1.JPG,-200,-284,1,1980,1232,2180,1516
ShelfImages/test/C4_P08_N1_S4_1.JPG,-192,-296,1,1992,1700,2184,1996
ShelfImages/test/C4_P08_N1_S4_1.JPG,-200,-308,1,2032,684,2232,992
ShelfImages/test/C4_P08_N1_S4_1.JPG,-200,-284,1,2180,1220,2380,1504
ShelfImages/test/C4_P08_N1_S4_1.JPG,-192,-308,1,2180,1724,2372,2032
ShelfImages/test/C4_P08_N1_S4_1.JPG,-192,-344,1,2196,92,2388,436
ShelfImages/test/C4_P08_N1_S4_1.JPG,-200,-308,1,2212,684,2412,992
ShelfImages/test/C4_P08_N1_S4_1.JPG,-200,-284,1,2356,1224,2556,1508
ShelfImages/test/C4_P08_N1_S4_1.JPG,-192,-280,1,2364,1748,2556,2028
ShelfImages/test/C4_P08_N1_S4_1.JPG,-192,-344,1,2384,92,2576,436
ShelfImages/test/C4_P08_N1_S4_1.JPG,-200,-308,1,2400,680,2600,988
ShelfImages/test/C4_P08_N1_S4_1.JPG,-200,-284,1,268,1200,468,1484
ShelfImages/test/C4_P08_N1_S4_1.JPG,-200,-284,1,308,1736,508,2020
ShelfImages/test/C4_P08_N1_S4_1.JPG,-200,-308,1,316,652,516,960
ShelfImages/test/C4_P08_N1_S4_1.JPG,-192,-276,1,324,120,516,396
ShelfImages/test/C4_P08_N1_S4_1.JPG,-200,-284,1,464,1216,664,1500
ShelfImages/test/C4_P08_N1_S4_1.JPG,-200,-284,1,512,1748,712,2032
ShelfImages/test/C4_P08_N1_S4_1.JPG,-200,-308,1,512,652,712,960
ShelfImages/test/C4_P08_N1_S4_1.JPG,-200,-284,1,656,1224,856,1508
ShelfImages/test/C4_P08_N1_S4_1.JPG,-200,-332,1,692,1696,892,2028
ShelfImages/test/C4_P08_N1_S4_1.JPG,-192,-276,1,712,120,904,396
ShelfImages/test/C4_P08_N1_S4_1.JPG,-200,-308,1,716,668,916,976
ShelfImages/test/C4_P08_N1_S4_1.JPG,-192,-300,1,868,1736,1060,2036
ShelfImages/test/C4_P08_N1_S4_1.JPG,-200,-308,1,892,672,1092,980
ShelfImages/test/C4_P08_N1_S4_1.JPG,-192,-276,1,900,128,1092,404
ShelfImages/test/C4_P08_N1_S4_1.JPG,-200,-284,3,1036,1216,1236,1500
ShelfImages/test/C4_P08_N1_S4_1.JPG,-200,-284,3,1228,1224,1428,1508
ShelfImages/test/C4_P08_N1_S4_1.JPG,-200,-308,3,1296,676,1496,984
ShelfImages/test/C4_P08_N1_S4_1.JPG,-200,-284,3,1428,1224,1628,1508
ShelfImages/test/C4_P08_N1_S4_1.JPG,-200,-308,3,1488,676,1688,984
ShelfImages/test/C4_P08_N1_S4_1.JPG,-200,-284,3,1600,1232,1800,1516
ShelfImages/test/C4_P08_N1_S4_1.JPG,-200,-308,3,1664,680,1864,988
ShelfImages/test/C4_P08_N1_S4_1.JPG,-200,-284,3,1796,1224,1996,1508
ShelfImages/test/C4_P08_N1_S4_1.JPG,-200,-308,3,1840,668,2040,976
ShelfImages/test/C4_P08_N1_S4_1.JPG,-200,-284,3,852,1220,1052,1504
ShelfImages/test/C4_P08_N1_S4_1.JPG,-192,-276,6,520,128,712,404
ShelfImages/test/C4_P08_N1_S4_1.JPG,-192,-296,9,1824,136,2016,432
ShelfImages/test/C4_P08_N1_S4_1.JPG,-192,-296,9,2000,132,2192,428
ShelfImages/test/C4_P08_N1_S5_2.JPG,-136,-236,1,1056,1396,1192,1632
ShelfImages/test/C4_P08_N1_S5_2.JPG,-140,-196,1,1068,280,1208,476
ShelfImages/test/C4_P08_N1_S5_2.JPG,-136,-204,1,1068,676,1204,880
ShelfImages/test/C4_P08_N1_S5_2.JPG,-136,-212,1,1152,1784,1288,1996
ShelfImages/test/C4_P08_N1_S5_2.JPG,-136,-208,1,1200,1428,1336,1636
ShelfImages/test/C4_P08_N1_S5_2.JPG,-140,-196,1,1200,288,1340,484
ShelfImages/test/C4_P08_N1_S5_2.JPG,-136,-204,1,1208,668,1344,872
ShelfImages/test/C4_P08_N1_S5_2.JPG,-136,-216,1,1288,1772,1424,1988
ShelfImages/test/C4_P08_N1_S5_2.JPG,-136,-208,1,1320,1424,1456,1632
ShelfImages/test/C4_P08_N1_S5_2.JPG,-136,-204,1,1340,668,1476,872
ShelfImages/test/C4_P08_N1_S5_2.JPG,-136,-216,1,1412,1764,1548,1980
ShelfImages/test/C4_P08_N1_S5_2.JPG,-136,-204,1,1436,1064,1572,1268
ShelfImages/test/C4_P08_N1_S5_2.JPG,-136,-228,1,1440,1396,1576,1624
ShelfImages/test/C4_P08_N1_S5_2.JPG,-136,-204,1,1468,668,1604,872
ShelfImages/test/C4_P08_N1_S5_2.JPG,-136,-216,1,1548,1776,1684,1992
ShelfImages/test/C4_P08_N1_S5_2.JPG,-136,-232,1,1572,1404,1708,1636
ShelfImages/test/C4_P08_N1_S5_2.JPG,-136,-204,1,1580,1056,1716,1260
ShelfImages/test/C4_P08_N1_S5_2.JPG,-140,-256,1,1592,252,1732,508
ShelfImages/test/C4_P08_N1_S5_2.JPG,-136,-204,1,1604,680,1740,884
ShelfImages/test/C4_P08_N1_S5_2.JPG,-136,-216,1,1680,1764,1816,1980
ShelfImages/test/C4_P08_N1_S5_2.JPG,-136,-204,1,1696,1068,1832,1272
ShelfImages/test/C4_P08_N1_S5_2.JPG,-136,-212,1,1708,1420,1844,1632
ShelfImages/test/C4_P08_N1_S5_2.JPG,-140,-256,1,1720,248,1860,504
ShelfImages/test/C4_P08_N1_S5_2.JPG,-136,-204,1,1732,684,1868,888
ShelfImages/test/C4_P08_N1_S5_2.JPG,-136,-212,1,228,1756,364,1968
ShelfImages/test/C4_P08_N1_S5_2.JPG,-136,-204,1,240,1044,376,1248
ShelfImages/test/C4_P08_N1_S5_2.JPG,-136,-204,1,256,664,392,868
ShelfImages/test/C4_P08_N1_S5_2.JPG,-144,-208,1,260,276,404,484
ShelfImages/test/C4_P08_N1_S5_2.JPG,-136,-180,1,272,1420,408,1600
ShelfImages/test/C4_P08_N1_S5_2.JPG,-136,-204,1,352,1052,488,1256
ShelfImages/test/C4_P08_N1_S5_2.JPG,-136,-212,1,364,1752,500,1964
ShelfImages/test/C4_P08_N1_S5_2.JPG,-136,-204,1,392,668,528,872
ShelfImages/test/C4_P08_N1_S5_2.JPG,-136,-180,1,396,1424,532,1604
ShelfImages/test/C4_P08_N1_S5_2.JPG,-136,-204,1,496,1048,632,1252
ShelfImages/test/C4_P08_N1_S5_2.JPG,-136,-212,1,500,1784,636,1996
ShelfImages/test/C4_P08_N1_S5_2.JPG,-136,-204,1,520,668,656,872
ShelfImages/test/C4_P08_N1_S5_2.JPG,-136,-224,1,524,1388,660,1612
ShelfImages/test/C4_P08_N1_S5_2.JPG,-144,-208,1,528,280,672,488
ShelfImages/test/C4_P08_N1_S5_2.JPG,-136,-212,1,616,1784,752,1996
ShelfImages/test/C4_P08_N1_S5_2.JPG,-136,-200,1,648,1436,784,1636
ShelfImages/test/C4_P08_N1_S5_2.JPG,-144,-208,1,664,284,808,492
ShelfImages/test/C4_P08_N1_S5_2.JPG,-136,-212,1,768,1780,904,1992
ShelfImages/test/C4_P08_N1_S5_2.JPG,-136,-200,1,788,1424,924,1624
ShelfImages/test/C4_P08_N1_S5_2.JPG,-136,-204,1,796,672,932,876
ShelfImages/test/C4_P08_N1_S5_2.JPG,-140,-244,1,800,236,940,480
ShelfImages/test/C4_P08_N1_S5_2.JPG,-136,-212,1,888,1780,1024,1992
ShelfImages/test/C4_P08_N1_S5_2.JPG,-136,-236,1,920,1392,1056,1628
ShelfImages/test/C4_P08_N1_S5_2.JPG,-140,-244,1,932,240,1072,484
ShelfImages/test/C4_P08_N1_S5_2.JPG,-136,-204,1,936,660,1072,864
ShelfImages/test/C4_P08_N1_S5_2.JPG,-136,-204,3,1032,1056,1168,1260
ShelfImages/test/C4_P08_N1_S5_2.JPG,-136,-204,3,1168,1068,1304,1272
ShelfImages/test/C4_P08_N1_S5_2.JPG,-136,-204,3,1304,1068,1440,1272
ShelfImages/test/C4_P08_N1_S5_2.JPG,-136,-204,3,632,1052,768,1256
ShelfImages/test/C4_P08_N1_S5_2.JPG,-136,-204,3,664,664,800,868
ShelfImages/test/C4_P08_N1_S5_2.JPG,-136,-204,3,764,1052,900,1256
ShelfImages/test/C4_P08_N1_S5_2.JPG,-136,-204,3,888,1052,1024,1256
ShelfImages/test/C4_P08_N1_S5_2.JPG,-144,-208,6,404,268,548,476
ShelfImages/test/C4_P08_N1_S5_2.JPG,-140,-196,9,1332,288,1472,484
ShelfImages/test/C4_P08_N1_S5_2.JPG,-140,-196,9,1464,288,1604,484
ShelfImages/test/C4_P08_N1_S5_2.JPG,-136,-212,10,1016,1800,1152,2012
ShelfImages/test/C4_P08_N2_S2_1.JPG,-248,-348,1,1028,288,1276,636
ShelfImages/test/C4_P08_N2_S2_1.JPG,-248,-348,1,1260,288,1508,636
ShelfImages/test/C4_P08_N2_S2_1.JPG,-248,-348,1,128,272,376,620
ShelfImages/test/C4_P08_N2_S2_1.JPG,-248,-348,1,1484,284,1732,632
ShelfImages/test/C4_P08_N2_S2_1.JPG,-232,-332,1,2064,944,2296,1276
ShelfImages/test/C4_P08_N2_S2_1.JPG,-248,-348,1,2136,300,2384,648
ShelfImages/test/C4_P08_N2_S2_1.JPG,-232,-332,1,2276,952,2508,1284
ShelfImages/test/C4_P08_N2_S2_1.JPG,-248,-348,1,2328,312,2576,660
ShelfImages/test/C4_P08_N2_S2_1.JPG,-232,-332,1,2492,936,2724,1268
ShelfImages/test/C4_P08_N2_S2_1.JPG,-248,-348,1,2544,312,2792,660
ShelfImages/test/C4_P08_N2_S2_1.JPG,-232,-332,1,300,920,532,1252
ShelfImages/test/C4_P08_N2_S2_1.JPG,-248,-348,1,348,272,596,620
ShelfImages/test/C4_P08_N2_S2_1.JPG,-232,-332,1,516,908,748,1240
ShelfImages/test/C4_P08_N2_S2_1.JPG,-248,-348,1,592,268,840,616
ShelfImages/test/C4_P08_N2_S2_1.JPG,-248,-348,1,808,284,1056,632
ShelfImages/test/C4_P08_N2_S2_1.JPG,-232,-332,1,88,900,320,1232
ShelfImages/test/C4_P08_N2_S2_1.JPG,-232,-332,3,1188,936,1420,1268
ShelfImages/test/C4_P08_N2_S2_1.JPG,-232,-332,3,1396,932,1628,1264
ShelfImages/test/C4_P08_N2_S2_1.JPG,-232,-332,3,1632,940,1864,1272
ShelfImages/test/C4_P08_N2_S2_1.JPG,-248,-348,3,1692,292,1940,640
ShelfImages/test/C4_P08_N2_S2_1.JPG,-232,-332,3,1852,940,2084,1272
ShelfImages/test/C4_P08_N2_S2_1.JPG,-248,-348,3,1908,296,2156,644
ShelfImages/test/C4_P08_N2_S2_1.JPG,-232,-332,3,760,912,992,1244
ShelfImages/test/C4_P08_N2_S2_1.JPG,-232,-332,3,968,924,1200,1256
ShelfImages/test/C4_P08_N3_S3_1.JPG,-252,-388,1,1004,244,1256,632
ShelfImages/test/C4_P08_N3_S3_1.JPG,-248,-336,1,1020,904,1268,1240
ShelfImages/test/C4_P08_N3_S3_1.JPG,-252,-388,1,1228,248,1480,636
ShelfImages/test/C4_P08_N3_S3_1.JPG,-208,-300,1,1236,1556,1444,1856
ShelfImages/test/C4_P08_N3_S3_1.JPG,-232,-400,1,1276,856,1508,1256
ShelfImages/test/C4_P08_N3_S3_1.JPG,-252,-388,1,1468,264,1720,652
ShelfImages/test/C4_P08_N3_S3_1.JPG,-232,-400,1,1504,848,1736,1248
ShelfImages/test/C4_P08_N3_S3_1.JPG,-248,-372,1,152,868,400,1240
ShelfImages/test/C4_P08_N3_S3_1.JPG,-232,-312,1,1748,928,1980,1240
ShelfImages/test/C4_P08_N3_S3_1.JPG,-208,-372,1,1912,1496,2120,1868
ShelfImages/test/C4_P08_N3_S3_1.JPG,-232,-312,1,1980,928,2212,1240
ShelfImages/test/C4_P08_N3_S3_1.JPG,-208,-372,1,2124,1484,2332,1856
ShelfImages/test/C4_P08_N3_S3_1.JPG,-232,-372,1,2168,860,2400,1232
ShelfImages/test/C4_P08_N3_S3_1.JPG,-252,-388,1,2180,272,2432,660
ShelfImages/test/C4_P08_N3_S3_1.JPG,-208,-312,1,2340,1532,2548,1844
ShelfImages/test/C4_P08_N3_S3_1.JPG,-232,-372,1,2380,876,2612,1248
ShelfImages/test/C4_P08_N3_S3_1.JPG,-252,-388,1,2412,272,2664,660
ShelfImages/test/C4_P08_N3_S3_1.JPG,-208,-312,1,2584,1536,2792,1848
ShelfImages/test/C4_P08_N3_S3_1.JPG,-184,-328,1,2620,928,2804,1256
ShelfImages/test/C4_P08_N3_S3_1.JPG,-168,-388,1,2648,268,2816,656
ShelfImages/test/C4_P08_N3_S3_1.JPG,-236,-388,1,280,224,516,612
ShelfImages/test/C4_P08_N3_S3_1.JPG,-220,-400,1,320,1468,540,1868
ShelfImages/test/C4_P08_N3_S3_1.JPG,-248,-372,1,352,876,600,1248
ShelfImages/test/C4_P08_N3_S3_1.JPG,-252,-388,1,520,240,772,628
ShelfImages/test/C4_P08_N3_S3_1.JPG,-216,-348,1,540,1524,756,1872
ShelfImages/test/C4_P08_N3_S3_1.JPG,-236,-388,1,56,228,292,616
ShelfImages/test/C4_P08_N3_S3_1.JPG,-248,-432,1,576,824,824,1256
ShelfImages/test/C4_P08_N3_S3_1.JPG,-220,-400,1,68,1468,288,1868
ShelfImages/test/C4_P08_N3_S3_1.JPG,-252,-388,1,748,244,1000,632
ShelfImages/test/C4_P08_N3_S3_1.JPG,-216,-348,1,784,1524,1000,1872
ShelfImages/test/C4_P08_N3_S3_1.JPG,-248,-336,1,792,900,1040,1236
ShelfImages/test/C4_P08_N3_S3_1.JPG,-216,-348,1,996,1524,1212,1872
ShelfImages/test/C4_P08_N3_S3_1.JPG,-252,-388,3,1700,264,1952,652
ShelfImages/test/C4_P08_N3_S3_1.JPG,-252,-388,3,1928,264,2180,652
ShelfImages/test/C4_P08_N3_S3_1.JPG,-208,-300,10,1440,1556,1648,1856
ShelfImages/test/C4_P08_N3_S3_1.JPG,-208,-300,10,1656,1552,1864,1852
